alarm.bif , 144,0,0.0,1.0
barley.bif , 112129,0,0.0,1.0
diabetes.bif , 424056,350088,0.8255702077084158,0.17442979229158417
hailfinder.bif , 1512,112,0.07407407407407407,0.9259259259259259
hepar2.bif , 1080,0,0.0,1.0
insurance.bif , 496,172,0.3467741935483871,0.6532258064516129
link.bif , 11328,11328,1.0,0.0
mildew.bif , 530976,500251,0.9421348610860001,0.057865138913999914
pathfinder.bif , 66156,39986,0.6044198560977084,0.39558014390229157
water.bif , 9792,6816,0.696078431372549,0.303921568627451
win95pts.bif , 256,132,0.515625,0.484375
munin.bif , 61016,43776,0.7174511603513832,0.28254883964861677
