net,size,logtable,sizetable,logtree,sizetree,loglrdummy,sizelrdummy,logtreedummy,sizetreedummy,  loglgpair,sizelgpair,   logtreepair,sizetreepair,loglgld,sizelgld,  logtreeld,sizetreeld,loglgldpair,sizeldlgpair,logtreeldpair,sizetreeldpair
diabetes.bif,10000,-1.115237010972152,6720,-1.1620851298270032,720,-1.1147312688032998,417,-1.2481805909715702,440,-1.1150276856755095,480,-1.169114407412828,440,-1.0778562454614617,724,-1.1582531333891752,300,-1.079028288409121,797,-1.1628472183345369,280
diabetes.bif,10000,-0.0626967136094552,495,-0.06297277287576399,459,-0.13537603443949667,114,-0.11347307995278584,378,-0.11076524067528057,270,-0.074928437310901,360,-0.06233114563622727,120,-0.06508837166916005,117,-0.062138567602529816,140,-0.07226066559014585,108
diabetes.bif,10000,-0.2152394398198635,770,-0.24352847691855856,490,-0.22402416965207267,92,-0.2991407023731718,175,-0.22441792130448185,157,-0.2932121593315688,196,-0.2146838856718061,205,-0.24895587675922393,147,-0.2145930982077924,214,-0.2592879852023095,147
diabetes.bif,10000,-0.6680186304203903,550,-0.685595415957695,200,-0.6816839212742629,84,-0.7009586345465251,135,-0.6813127018313551,92,-0.6916681498949888,125,-0.6657468678021501,205,-0.6720717082096945,120,-0.6656158661131489,217,-0.6697601991898918,85
diabetes.bif,10000,-0.0052737607255137695,576,-0.005565968632217665,408,-0.008872995462530637,40,-0.010949267134335514,168,-0.007003677410433818,145,-0.010961472730914773,144,-0.005475417901220354,83,-0.010949267134335514,168,-0.005617772254564302,130,-0.010717023993740598,144
diabetes.bif,10000,-0.00996302377679166,1890,-0.22421664068007088,540,-0.11214806950398606,142,-0.2808228203550882,300,-0.03607132230007452,880,-0.18151856707976138,285,-0.009646632832995989,90,-0.044210710956460716,225,-0.010128688121516299,452,-0.044210710956460716,225
diabetes.bif,10000,-0.00970231506846156,1862,-0.04604577707236276,1274,-0.39413777345616013,251,-0.2749399276625804,630,-0.5354403274785602,506,-0.25533247701045964,616,-0.010287535918560426,76,-0.014187231611429315,210,-0.010185184051626871,85,-0.014187231611429315,210
diabetes.bif,10000,-1.2544931056953978,6720,-1.3598320259577095,1120,-1.2369299627924337,472,-1.4395976773160897,420,-1.2332390647862799,556,-1.347986973010289,440,-1.1895271598259063,945,-1.3128397518369943,440,-1.1898794595519027,1058,-1.3128397518369943,440
diabetes.bif,10000,-0.03243223171998367,1650,-0.07782400404022008,1350,-0.4148864943108222,228,-0.23084850394533477,630,-0.6043907202492492,487,-0.2016413830057881,620,-0.0315248761935666,128,-0.04269081175872624,130,-0.03048793778141471,162,-0.04269081175872624,130
diabetes.bif,10000,-0.07181638501768746,495,-0.07232827442481292,459,-0.14916551513179904,113,-0.12675290664428682,378,-0.14603241618440133,262,-0.08751835855664372,369,-0.07112377636909895,95,-0.08031842499814476,117,-0.07162306191665345,150,-0.08073331695479555,117
diabetes.bif,10000,-0.21423018067916927,770,-0.21418730619310028,630,-0.22118626387804757,110,-0.38166919572859725,224,-0.2209565443458787,157,-0.3691029793272233,210,-0.21007683500111726,235,-0.2668397083000504,168,-0.21036167273208112,255,-0.2549232529098495,182
diabetes.bif,10000,-0.6417605219230185,550,-0.6427928411906426,350,-0.6659233378560887,87,-0.6936752354236478,200,-0.665235910750893,88,-0.6488762744071654,170,-0.6376165185501559,230,-0.6528500457295564,125,-0.6375150763109781,250,-0.6433255475358417,100
diabetes.bif,10000,-0.004411599900990054,576,-0.005592566494071503,408,-0.010685190875058464,42,-0.01888386449293174,168,-0.005046215401266271,141,-0.019303212658928037,144,-0.0044506437176078575,149,-0.01629165718239279,168,-0.004341396506798304,168,-0.019303212658928037,144
diabetes.bif,10000,-0.004234242627615925,1890,-0.22801195107488806,765,-0.11397969648038725,145,-0.30877421038230574,345,-0.023004344716751394,856,-0.18906165141804607,315,-0.00339884657682105,60,-0.030417995423785094,225,-0.004459241536716674,405,-0.030417995423785094,225
diabetes.bif,10000,-0.008259716803418105,1836,-0.08697079717245161,1206,-0.3772336868997941,226,-0.30716533860127854,756,-0.3192583149104893,501,-0.30998156447370345,702,-0.007564450900521098,98,-0.03921005629355089,252,-0.007589324308806006,139,-0.03921005629355089,252
diabetes.bif,10000,-0.005474207975481493,1862,-0.09776961070210002,1106,-0.40234504098415,251,-0.2878444820048,602,-0.5802960339965733,502,-0.2620084042950187,602,-0.005190600072180565,92,-0.031531478650932476,196,-0.00517315006300273,114,-0.031531478650932476,196
diabetes.bif,10000,-1.3008382610009097,6720,-1.4452617831952268,1520,-1.2784841857043476,475,-1.4735081721466252,480,-1.2761299099888286,685,-1.4054680980726748,420,-1.2295978511816652,1013,-1.3308306140591843,380,-1.2297801846955496,1137,-1.338373946631951,340
diabetes.bif,10000,-0.04752410746581543,1650,-0.10937708256546996,1350,-0.47203419998476737,224,-0.2742358771609716,810,-0.41874824994760373,498,-0.2915405751969342,710,-0.045945878042270294,143,-0.07563199481928722,160,-0.046021057572652194,167,-0.07563199481928722,160
diabetes.bif,10000,-0.0586229105599592,495,-0.058988228565048345,459,-0.1324546722876283,109,-0.12266615273122002,369,-0.11359847704694591,274,-0.0707864992508883,360,-0.058376625817739114,98,-0.061821528600552234,117,-0.05817241815909729,140,-0.07014057807947391,108
diabetes.bif,10000,-0.22174342022771298,770,-0.22163929510774702,630,-0.22880429785868223,111,-0.32092749148906424,315,-0.22731225156337295,170,-0.3196278790384261,273,-0.21771674677708575,242,-0.2785807969997934,175,-0.21804192760360652,259,-0.2540946142171453,168
diabetes.bif,10000,-0.6140472158400266,550,-0.6144498486634168,350,-0.6370102099633826,91,-0.6218153839067551,265,-0.6365150830276196,89,-0.6226073695361111,255,-0.6129846325140281,209,-0.629024758011374,135,-0.6128647194898269,215,-0.6296020218321735,130
diabetes.bif,10000,-0.006004146979473303,576,-0.007786334838900318,408,-0.012702781650223541,35,-0.023791910848722512,168,-0.00632801901679533,152,-0.008181518091778386,156,-0.005880895132946469,70,-0.02103228554325784,168,-0.005828544920759724,131,-0.008181518091778386,156
diabetes.bif,10000,-0.013229710074587337,1890,-0.06945119480796468,1365,-0.13898718816224806,146,-0.3258736753355606,375,-0.04354098058222801,700,-0.17253870747400435,360,-0.011131743367363583,72,-0.05945343760272249,225,-0.011553318674739367,360,-0.05945343760272249,225
diabetes.bif,10000,-0.004947408626572931,1862,-0.0899491179985195,1106,-0.38750399510209244,261,-0.31262936330639984,574,-0.5334799251558385,518,-0.24980039747365027,602,-0.0045467849392437955,77,-0.02891376454317363,196,-0.004504206555795124,114,-0.02891376454317363,196
diabetes.bif,10000,-1.320562276100664,6720,-1.4441834678027465,2320,-1.3109983618993466,468,-1.4978733818133343,480,-1.3078744297298894,687,-1.4860737888839521,380,-1.2526548716532149,1046,-1.378110910571064,460,-1.2529609181409997,1241,-1.4308648907341235,440
diabetes.bif,10000,-0.0407851303467628,1650,-0.1292726719534428,1250,-0.4615878754536865,224,-0.274926714503189,810,-0.4871621757069658,437,-0.2732399027478214,790,-0.040244186805183005,146,-0.06829988958765366,190,-0.04022808746223528,164,-0.06829988958765366,190
diabetes.bif,10000,-0.05918544823461978,495,-0.05979196298276496,459,-0.13554728834707486,108,-0.13770711129388516,360,-0.10669338767043673,288,-0.06491817180964203,360,-0.0596942093102703,109,-0.06237033304541772,126,-0.05955058669886685,163,-0.06983945027438561,117
diabetes.bif,10000,-0.23027455356970544,770,-0.2302733552036042,630,-0.24007987829022787,112,-0.3375016086049868,308,-0.2385384515765293,149,-0.3244433859890254,280,-0.22834960423091624,241,-0.2790254323823932,175,-0.22817043212505494,246,-0.2665336657933116,154
diabetes.bif,10000,-0.5788198702870047,550,-0.5790681068983036,350,-0.5996762014387478,88,-0.5855901502968218,255,-0.5990557496024373,85,-0.5884153945191348,230,-0.5744413612068431,209,-0.5904694944874761,120,-0.5744744314478655,222,-0.5881762267625581,110
diabetes.bif,10000,-0.009235010460075842,576,-0.009625041954073984,408,-0.013248981329787787,43,-0.03160805075845149,168,-0.009830527693700932,153,-0.010057991884662373,156,-0.009288738679190308,96,-0.03160805075845149,168,-0.009208815193049785,166,-0.010057991884662373,156
diabetes.bif,10000,-0.006802238886887196,1890,-0.08945769552711036,1290,-0.13528854545257005,146,-0.28173056479525915,420,-0.03577630649897395,824,-0.16411416212895683,375,-0.008366563770648715,92,-0.03810906360286035,240,-0.008116911517394933,334,-0.03810906360286035,240
diabetes.bif,10000,-0.012590713549920349,1862,-0.1059079622227126,1106,-0.41047484546351115,263,-0.30726906925993985,588,-0.5657870520388605,512,-0.2581329649704243,602,-0.010743524652033713,60,-0.03886818303586599,196,-0.01072666577033298,76,-0.03886818303586599,196
diabetes.bif,10000,-1.3412482938439532,6720,-1.4776635843553343,2320,-1.3254827800041347,483,-1.5057419621498578,420,-1.3224694322467916,725,-1.4726717168814318,440,-1.2623021717158076,1037,-1.4205548231633878,400,-1.2633523122541248,1162,-1.4205548231633878,400
diabetes.bif,10000,-0.038780762613571496,1650,-0.10942345088915421,1350,-0.44521401568685504,225,-0.27953749901517183,810,-0.5057502603594825,408,-0.23217045950211018,830,-0.03840683337780797,242,-0.21203456877005727,260,-0.03841594617770818,289,-0.12155800353927927,300
diabetes.bif,10000,-0.0690282857110111,495,-0.0702501242156816,459,-0.1419481469422162,116,-0.1357227706745066,369,-0.11802646368095011,278,-0.09052177691919687,351,-0.06805823936639088,113,-0.07088451314730904,126,-0.06830316650254874,167,-0.06869886775378752,126
diabetes.bif,10000,-0.21982222445617622,770,-0.2198181840744056,630,-0.22889215756440218,117,-0.3143814743809447,322,-0.22695465446067192,157,-0.292758130632115,301,-0.21674723243653335,225,-0.2560889929428539,175,-0.216449279782758,238,-0.2591758576266298,161
diabetes.bif,10000,-0.5922003135279056,550,-0.589164017941893,350,-0.613971023182023,91,-0.6015762984320272,240,-0.6135380180304584,87,-0.6002226532629448,235,-0.586919871696356,199,-0.6003048961470887,135,-0.5869418857767441,221,-0.5966486941862303,100
diabetes.bif,10000,-0.004925112570299681,576,-0.005918320486855785,408,-0.012980026688154985,43,-0.017900414059750857,180,-0.006756276463067354,168,-0.007944235769792274,156,-0.005456104791419255,84,-0.02178876855209698,168,-0.005686558887182214,156,-0.007749961837593844,156
diabetes.bif,10000,-0.0047965336601418825,1890,-0.13374928728355406,1140,-0.1293975247707381,143,-0.29170531430607755,405,-0.023355982797538213,713,-0.1581900145831254,375,-0.0049036408095393565,89,-0.03150262327646668,270,-0.005046122951988805,357,-0.03150262327646668,270
diabetes.bif,10000,-0.009766099396955896,1862,-0.06774439349224473,1190,-0.3906398148513744,254,-0.29381898430656367,588,-0.5591674910936786,512,-0.234142822275365,630,-0.007589129516671862,118,-0.03008920563977011,196,-0.007657498232347323,147,-0.03008920563977011,196
diabetes.bif,10000,-1.3774105534025378,6720,-1.5047594081329794,2320,-1.348078616894413,479,-1.5319663023054193,420,-1.3454613115459741,738,-1.4924312543863854,420,-1.2915849076346415,1052,-1.4197378674033247,420,-1.292219053301083,1176,-1.4118371613954346,420
diabetes.bif,10000,-0.03434442730313369,1650,-0.12370105727067549,1250,-0.4393937337949442,225,-0.2721976414087543,800,-0.528201003810911,446,-0.2657932158473737,780,-0.03580807751307819,239,-0.1524854729122847,250,-0.03561286682997568,298,-0.12005484039226215,260
diabetes.bif,10000,-0.06534821877488184,495,-0.06566541395072795,459,-0.146646732343131,114,-0.13046734332707968,369,-0.1168987085921279,278,-0.07028560149415307,369,-0.06668494326554042,116,-0.06983546822831077,117,-0.06636665584213647,162,-0.07856138826594686,108
diabetes.bif,10000,-0.2301892320089455,770,-0.23018535756406228,630,-0.2410331589266893,112,-0.33795564261545813,315,-0.2431414916484412,162,-0.3235766054538246,301,-0.22809074652964492,231,-0.27513834101194024,161,-0.22807412688589648,239,-0.27146354614953777,168
diabetes.bif,10000,-0.5797296749025381,550,-0.5788747330124953,350,-0.6021180065909227,89,-0.5860602573382728,255,-0.6014954148133583,86,-0.5869032612989248,205,-0.5772646826520462,215,-0.5892731065690712,105,-0.576958918552154,240,-0.5929014598844137,105
diabetes.bif,10000,-0.0068797250040109345,576,-0.008052523756105916,408,-0.01506336694489798,42,-0.00923582965405818,192,-0.008111083939864941,165,-0.009302319900003178,156,-0.007017924320411828,124,-0.014368549619964295,180,-0.0069451754170092,173,-0.009302319900003178,156
diabetes.bif,10000,-0.005855585857017847,1890,-0.04896159578394072,1440,-0.12871471375530422,148,-0.30918060238507805,405,-0.026347230451753263,678,-0.17153422947730412,360,-0.006886091683317673,74,-0.056208502274819105,240,-0.006709449454316935,357,-0.056208502274819105,240
diabetes.bif,10000,-0.0133279279785715,1862,-0.104483204501043,1106,-0.4050737086916358,262,-0.3062642545253376,588,-0.5754456699195638,501,-0.27569994608603665,588,-0.011321278797193673,94,-0.035970403981400785,196,-0.011204046591693242,115,-0.035970403981400785,196
diabetes.bif,10000,-1.3667541368963678,6720,-1.5069401536085976,2320,-1.3441852923686526,476,-1.5149855647324697,440,-1.3413191442313017,707,-1.4901231776682675,440,-1.2834070142795528,1001,-1.4045767216520415,400,-1.284487772824381,1134,-1.4045767216520415,400
diabetes.bif,10000,-0.03259041987310424,1650,-0.0988248409070445,1350,-0.43471018234195524,225,-0.2802471318856521,790,-0.490202261617778,446,-0.2545048139694271,760,-0.034141484053850715,276,-0.132981971789328,320,-0.034246134820142424,351,-0.1329819915952532,310
diabetes.bif,10000,-0.06736134248907753,495,-0.06791855296839806,459,-0.1395205777699348,114,-0.124976613760601,378,-0.12831097976594555,273,-0.09306988832523985,351,-0.06571814920571169,108,-0.0678158181058611,117,-0.06601544478118308,142,-0.0757699215970958,108
diabetes.bif,10000,-0.22552415311072804,770,-0.2255068102994768,630,-0.23873005765689803,112,-0.3117265695066322,329,-0.23730600984199673,164,-0.3056588019108612,301,-0.2242931509300242,217,-0.2741902149723625,161,-0.2239192369298157,242,-0.27412607417121093,168
diabetes.bif,10000,-0.5559881535285667,550,-0.5562947816126331,350,-0.5818199390545357,89,-0.5703185855700008,245,-0.5809405307108858,88,-0.562610970539703,205,-0.5547229543778329,198,-0.5751922233365283,125,-0.554564549618988,204,-0.5663187361374242,95
diabetes.bif,10000,-0.007557973851391033,576,-0.00795429606003565,408,-0.012449507057143597,40,-0.00872715438316324,192,-0.008521991309690616,159,-0.00874623951115381,156,-0.007976019915213264,64,-0.013669525182199762,180,-0.007602978935403863,138,-0.00874623951115381,156
diabetes.bif,10000,-0.009120582948549064,1890,-0.05069740142632892,1440,-0.14910874182038536,148,-0.2980575594513235,420,-0.03024695633702736,640,-0.15833947385947664,375,-0.011062899724290292,88,-0.03816197561365579,225,-0.010288915133296694,360,-0.03816197561365579,225
diabetes.bif,10000,-0.010279723800183207,1862,-0.06580584839984571,1190,-0.3822326973422161,258,-0.31003655981022454,574,-0.535113249007673,522,-0.2602755608576784,588,-0.009503355528070915,98,-0.034121739166866644,196,-0.009386532891488733,131,-0.034121739166866644,196
diabetes.bif,10000,-1.3704138632800036,6720,-1.5133869896920373,2320,-1.360366294982947,470,-1.5328668094443463,440,-1.357309909034596,710,-1.5067696813719154,420,-1.2920703613982651,1023,-1.3762511848189147,440,-1.2923192032300526,1204,-1.4131608566353344,360
diabetes.bif,10000,-0.032793261975282956,1650,-0.12131912998051769,1250,-0.43436639817695616,227,-0.28168864816778705,780,-0.499442429421835,459,-0.2673101429197502,770,-0.031974823880645445,225,-0.1206277061700096,270,-0.032210043402685996,295,-0.10488026734296124,280
diabetes.bif,10000,-0.0670410071789671,495,-0.06796741359910607,459,-0.1509112442134625,111,-0.14673070747929984,360,-0.12487016994511173,270,-0.08156074724227111,369,-0.06797724073927798,110,-0.07208582027037178,117,-0.06825609664848693,165,-0.08068609052876159,108
diabetes.bif,10000,-0.23187534313636715,770,-0.23185434387924841,630,-0.24000822936217484,112,-0.32244120514334734,329,-0.23958445008576038,147,-0.30187173379336946,308,-0.22918459370737387,248,-0.27101366593746884,154,-0.22928291075354368,255,-0.27597881317310263,189
diabetes.bif,10000,-0.5705162788249578,550,-0.568771425403629,350,-0.5843412338480062,88,-0.576211501746566,270,-0.5837297652985993,86,-0.5766344009024637,260,-0.5666155573961947,220,-0.5704895695342735,125,-0.5665561445766344,239,-0.5755419666264154,135
diabetes.bif,10000,-0.009471997822910866,576,-0.010620717585403928,408,-0.01761592061072184,43,-0.011298337709844933,192,-0.01091059196308983,161,-0.011301023086293391,156,-0.010522441843483698,90,-0.017100393525220876,180,-0.010178300870187739,132,-0.011301023086293391,156
diabetes.bif,10000,-0.010109769713981451,1890,-0.05672000474844494,1440,-0.1390546488418193,147,-0.29550271329872274,420,-0.02998404891306661,690,-0.1519535680444879,390,-0.011125174523337103,93,-0.03128139566981892,285,-0.010228528561116374,365,-0.03128139566981892,285
diabetes.bif,10000,-0.009343851105411671,1862,-0.06317463171658252,1190,-0.3994483003966341,263,-0.2593685063416573,630,-0.5671060833929854,533,-0.24556208956939127,616,-0.007652148768301555,69,-0.009356301625549224,210,-0.007598167437685474,96,-0.009356301625549224,210
diabetes.bif,10000,-1.3644285957519953,6720,-1.5071369389268683,2320,-1.3438876577732248,488,-1.5394860291773034,440,-1.3401638462658,707,-1.513836693399077,440,-1.2847932250939167,1044,-1.3702021359648968,460,-1.2852655638392803,1153,-1.3533678138940703,460
diabetes.bif,10000,-0.02821444548455799,1650,-0.11432758002468399,1250,-0.43197574072424477,226,-0.2776119101346334,780,-0.4941162119447127,526,-0.23442695388375756,770,-0.028930805301955183,270,-0.15355856240548438,320,-0.02919732898963991,354,-0.21117148915202083,290
diabetes.bif,10000,-0.06444552653013699,495,-0.06506385565404055,459,-0.14365045181215488,112,-0.12431629524907739,378,-0.11722959219492497,263,-0.07064751496920194,369,-0.0652429530585235,119,-0.068783586461049,144,-0.06494681429581127,169,-0.07703447487624647,117
diabetes.bif,10000,-0.22879189530720845,770,-0.22878572358604218,630,-0.2373544845898824,115,-0.32431227644156463,315,-0.2357073981312944,146,-0.30759544755082774,294,-0.22545751421857718,234,-0.26328452537962155,168,-0.22525587547270037,247,-0.27016396334598064,147
diabetes.bif,10000,-0.5602617952594081,550,-0.5619373864358153,350,-0.5827105384723541,89,-0.5700976760472294,250,-0.5820224305381368,90,-0.570169535710229,240,-0.5592818257295228,210,-0.5752331121551169,100,-0.5592577499269472,229,-0.5716252699120143,105
diabetes.bif,10000,-0.00690923023745128,576,-0.00790691759600574,408,-0.012349728700949105,40,-0.008562703147113104,192,-0.007976845743914395,166,-0.00866697072177415,156,-0.00723080871459209,101,-0.0139006173198788,180,-0.007067155620814425,150,-0.008640745128976727,156
diabetes.bif,10000,-0.007710198774211345,1890,-0.09899265123122902,1290,-0.1291264795982655,143,-0.28256685322777086,435,-0.030884764568603607,721,-0.16043082311376763,375,-0.007372889676811071,96,-0.027988660523309294,255,-0.007775768713720948,380,-0.027988660523309294,255
diabetes.bif,10000,-0.006332892141347915,1862,-0.05999554765185494,1190,-0.4150635061258345,258,-0.26400805029782676,616,-0.5451042104644991,505,-0.26856176750179767,588,-0.008972282089077738,115,-0.0357110373710987,196,-0.008878297321904803,97,-0.0357110373710987,196
diabetes.bif,10000,-1.3571204008367252,6720,-1.5360952634948406,1920,-1.3362625226369056,489,-1.523728229459466,420,-1.3341346364710593,711,-1.5028329828212004,400,-1.2748077381682814,1056,-1.3933895479489768,520,-1.275783164555559,1171,-1.432576717579742,480
diabetes.bif,10000,-0.030673234061313913,1650,-0.12331067136238355,1250,-0.426583115145005,230,-0.2696820122275053,790,-0.4832243215377069,457,-0.22895898190871225,790,-0.031084713193881522,257,-0.11119028828151954,350,-0.030977255841694966,335,-0.1723132148010406,320
diabetes.bif,10000,-0.06084659573713982,495,-0.061415082276456597,459,-0.13304077605762857,110,-0.11242206969592994,378,-0.11576134242726703,269,-0.07337374325852769,360,-0.06096583276391216,115,-0.06270732773939422,126,-0.060982664950973084,161,-0.06599585452759676,117
diabetes.bif,10000,-0.23255258830062453,770,-0.23261251337901717,630,-0.24117507158540544,113,-0.3362364216840196,322,-0.2404950297835685,160,-0.32728532612846234,294,-0.2290039227625316,237,-0.27646530376397327,175,-0.22892808378180138,257,-0.27408477322596736,189
diabetes.bif,10000,-0.5767433151530967,550,-0.5775759110564257,350,-0.5985136610217286,90,-0.5870491873081408,255,-0.5978871403390152,90,-0.5898486354519509,200,-0.5734901258101658,206,-0.6012482612569329,115,-0.5732233330487901,220,-0.5869032831521346,115
diabetes.bif,10000,-0.005804440546283344,576,-0.007590834352755832,408,-0.008726227710688286,38,-0.007152924342258996,192,-0.0061968205862517585,168,-0.013973092268597822,156,-0.005937066211285914,57,-0.012553146343593155,180,-0.005890534923182946,143,-0.013973092268597822,156
diabetes.bif,10000,-0.007338178414067788,1890,-0.07673604002181789,1365,-0.16350643091160108,143,-0.319589836301702,405,-0.03512234483242614,597,-0.16807336027932346,375,-0.008602325531995428,71,-0.023734689102202545,255,-0.00807957763090642,366,-0.023734689102202545,255
diabetes.bif,10000,-0.010413792886303298,1862,-0.06475429743655928,1190,-0.39950639965673496,253,-0.27740386891726837,602,-0.5522032054133259,534,-0.2722440385728247,588,-0.010837363177177178,93,-0.032854786386637656,196,-0.010736428697315547,123,-0.032854786386637656,196
diabetes.bif,10000,-1.362417948700772,6720,-1.514181904680594,2320,-1.3456037715089393,483,-1.527618261269187,440,-1.3425355338528218,723,-1.4871537021773256,440,-1.2772040218054477,1005,-1.4127352276996064,480,-1.2788168093388104,1130,-1.4199266786748308,460
diabetes.bif,10000,-0.03289020427360393,1650,-0.11510204655530179,1250,-0.42935272024777194,226,-0.25360489405135583,790,-0.4688951553417552,440,-0.20734023094942244,760,-0.032772773944437464,256,-0.12115462178718912,300,-0.03265807784991377,335,-0.15405996401660177,280
diabetes.bif,10000,-0.06840791144510444,495,-0.06869589097557503,459,-0.1535071090912374,112,-0.13205436897219766,369,-0.1431705246747982,270,-0.07984010119789592,360,-0.0674019156745037,92,-0.06643406918385215,117,-0.06781242415655216,140,-0.07479081038202205,108
diabetes.bif,10000,-0.23484317453789644,770,-0.2348312083584807,630,-0.24070569039714693,116,-0.3372867182554938,315,-0.23921235401353838,157,-0.31439532854549035,301,-0.229928530803199,230,-0.2883008571866137,182,-0.2295424705798726,249,-0.2789928737620089,175
diabetes.bif,10000,-0.5845329748102351,550,-0.5822362943446729,350,-0.6065232575041337,91,-0.6026241192332253,250,-0.6058424821538076,88,-0.6032499079618557,240,-0.5769514137848231,202,-0.5794961019531091,120,-0.577229940208335,225,-0.5849008585561128,110
diabetes.bif,10000,-0.009672240937950464,576,-0.010442391961007593,408,-0.011369462764471986,38,-0.010761845032186034,192,-0.009583793366462706,165,-0.010588474227725644,168,-0.009169032789785968,56,-0.015554189107078542,180,-0.009068742052666967,135,-0.010608238077184862,168
diabetes.bif,10000,-0.009650765806991363,1890,-0.1030812688726085,1290,-0.16464516570614002,144,-0.28908023765242075,435,-0.031404572204089605,639,-0.17854680761030176,360,-0.008122511929223006,64,-0.0393838866767812,225,-0.0091844891942413,342,-0.0393838866767812,225
diabetes.bif,10000,-0.007183970564314063,1862,-0.06199547315879348,1190,-0.4266246762119803,263,-0.3114903638140689,574,-0.5490960413750599,531,-0.27218067118825007,602,-0.00969894665456863,41,-0.03529377327255415,196,-0.009567048664324286,59,-0.03529377327255415,196
diabetes.bif,10000,-1.3951228029090101,6720,-1.55341266815977,2320,-1.3596793577938713,479,-1.563419619612686,440,-1.3564839878235053,699,-1.5420896290840198,420,-1.299245464301052,1065,-1.3933494039426355,460,-1.3002540783507377,1248,-1.3933494039426355,460
diabetes.bif,10000,-0.025971849947303394,1650,-0.08535096128255461,1350,-0.4252247914483667,227,-0.2726729087176754,770,-0.48209785495589874,461,-0.23593526384858732,740,-0.026328021445808078,268,-0.12287214164451893,350,-0.026434119653371498,350,-0.11605890944462476,350
diabetes.bif,10000,-0.062114676856118455,495,-0.06275393386625928,459,-0.1398522258433377,114,-0.11824728567686907,378,-0.12990021938832846,257,-0.0661132862475501,378,-0.061231509103354384,109,-0.07198160891693055,117,-0.0615725225570198,149,-0.07297753546872815,117
diabetes.bif,10000,-0.23278218295653433,770,-0.23262580164352384,630,-0.24408620716287951,108,-0.32585989304655716,329,-0.24327991333578888,153,-0.3126160844715744,308,-0.23059766211715046,228,-0.2706205756521425,175,-0.2303018591506302,242,-0.28859025747738815,168
diabetes.bif,10000,-0.5643747865266994,550,-0.5623291056363031,350,-0.5843849568021633,88,-0.5801787187095114,240,-0.5834650830459028,88,-0.5810958660633372,235,-0.5643990974467035,225,-0.5888341330559612,120,-0.5639036512601782,224,-0.5697043769434397,130
diabetes.bif,10000,-0.004950496912966426,576,-0.006705467796270121,408,-0.007124674882421686,43,-0.006684252439161909,192,-0.005434343827449181,170,-0.007177978738041308,156,-0.005075216884399886,91,-0.0063952802874136586,192,-0.0049111890128333315,169,-0.007177978738041308,156
diabetes.bif,10000,-0.006936137133943201,1890,-0.07404216890611995,1365,-0.15790491244146393,140,-0.28945751095901817,435,-0.038625271007918426,611,-0.16956664768363097,375,-0.010031777502783277,81,-0.044631815671413104,240,-0.008535692910787977,365,-0.044631815671413104,240
diabetes.bif,10000,-0.008848271245311613,1862,-0.06419630956678954,1190,-0.39230984647223205,261,-0.3170226757472219,574,-0.5471360560139393,513,-0.280471538874929,588,-0.007466167475110105,65,-0.009708429691606279,210,-0.007247184872707331,88,-0.009708429691606279,210
diabetes.bif,10000,-1.3482521331122845,6720,-1.507016566008168,2320,-1.3396983483613762,479,-1.5220888266994834,460,-1.337780410651935,739,-1.4905193467028999,440,-1.2741909835150875,1040,-1.4040835399285054,460,-1.27510246840712,1238,-1.405371289936442,420
diabetes.bif,10000,-0.03191739632087886,1650,-0.0908737234759973,1350,-0.42620498571114906,226,-0.2761031810793334,780,-0.4768093147661619,450,-0.25327496157461216,750,-0.0321743192336299,313,-0.1741445977316012,340,-0.032066712740895446,402,-0.15227892696722378,360
diabetes.bif,10000,-0.05806754806750919,495,-0.058805818255768035,459,-0.1402899017823927,112,-0.12429526194832563,369,-0.1346766244805603,256,-0.08122879839115431,378,-0.057767716418311625,103,-0.07058321697384122,117,-0.05796651011144409,150,-0.06687174552663738,117
diabetes.bif,10000,-0.21933314935426937,770,-0.21934011139786666,630,-0.23364765503324367,116,-0.318375890083947,322,-0.2312001204014663,160,-0.316459802066026,294,-0.2169688219631411,220,-0.27928937838534895,175,-0.21680260135577742,243,-0.26539520104452535,182
diabetes.bif,10000,-0.5601110599473296,550,-0.5620459980864189,350,-0.5838664737997984,88,-0.5738529877709247,250,-0.5832353920155605,87,-0.5756385752274168,195,-0.5598622060941935,210,-0.5691670525805549,105,-0.5595924406052963,224,-0.5764875974148522,100
diabetes.bif,10000,-0.004662495438821224,576,-0.006415075492646737,408,-0.008827298267679827,39,-0.007085351980828111,192,-0.005330012630325045,159,-0.00780030739067681,156,-0.004759491194919225,64,-0.012198089580723903,180,-0.004693649671878063,132,-0.007736332490978093,156
diabetes.bif,10000,-0.011349358335784944,1890,-0.07913426577413339,1365,-0.13737037638722457,145,-0.3162138306110132,405,-0.03086525276761712,798,-0.15246687897951408,390,-0.011342292946402292,75,-0.04260945192997246,255,-0.011338784916659149,318,-0.04260945192997246,255
diabetes.bif,10000,-0.008815982964892524,1862,-0.06212269731442788,1190,-0.3884480119729321,261,-0.30098847048744626,574,-0.5381156102106851,528,-0.24195578453392613,602,-0.008732186378177511,77,-0.009756227584479252,210,-0.008563892882494218,105,-0.009756227584479252,210
diabetes.bif,10000,-1.3658103292451111,6720,-1.557961984355475,1920,-1.3507483348993432,483,-1.5348472326599285,440,-1.348886470398985,743,-1.5127038438373974,420,-1.2844033023961998,1073,-1.4040061603943779,460,-1.2854152127124676,1211,-1.4023960100648467,460
diabetes.bif,10000,-0.029427443419886425,1650,-0.09233132228278777,1350,-0.42524731529237925,229,-0.2785991855029111,780,-0.4921264711098193,481,-0.2342170977980652,780,-0.03282353541876767,312,-0.21558709036572077,310,-0.0323179401021024,423,-0.21746487313469057,290
diabetes.bif,10000,-0.06312203704234766,495,-0.06379612476451833,459,-0.13851659940062166,115,-0.12244338644606682,378,-0.1255105558257608,275,-0.07511770106560697,360,-0.06288564796059007,106,-0.06436257844277335,117,-0.06351649248629189,157,-0.07229354921974548,108
diabetes.bif,10000,-0.2409955195130418,770,-0.24099213874287842,630,-0.24672945040306407,117,-0.34311787908221875,308,-0.24480318556408676,149,-0.32064932757626907,315,-0.23616783278514764,250,-0.27822212193280466,175,-0.2357144430229352,249,-0.27322218794449504,182
diabetes.bif,10000,-0.591540011752589,550,-0.5868523521074371,350,-0.6110838084670921,89,-0.5951343825695331,265,-0.610835362090755,85,-0.5947141830823962,245,-0.5807790508488917,205,-0.603860076420582,140,-0.5808515392889582,215,-0.5905957150448661,110
diabetes.bif,10000,-0.00874235930607111,576,-0.009651594217614525,408,-0.019156759263990977,41,-0.011403190105407041,192,-0.008975615231395562,167,-0.011569289333503171,156,-0.008380009554552075,86,-0.011002934698063457,192,-0.00842483177112293,143,-0.011570928785099984,156
diabetes.bif,10000,-0.003092463460067517,1890,-0.10371904915472485,1290,-0.15069684924765178,158,-0.3129717879035642,405,-0.03422125225649175,708,-0.1566314385418172,390,-0.004229778267987877,101,-0.03354919167693315,240,-0.004347526731360186,351,-0.03354919167693315,240
diabetes.bif,10000,-0.005964679351699329,1862,-0.06812924856291591,1190,-0.4127747374982697,255,-0.29328499494606036,588,-0.577176279756767,537,-0.2656468984427657,602,-0.005870293727652759,87,-0.030822143680161698,196,-0.005763265020468174,117,-0.030822143680161698,196
diabetes.bif,10000,-1.3605290640751893,6720,-1.5229312457270154,2320,-1.3443631052829386,477,-1.5379012946649218,420,-1.3418485797328545,707,-1.5141879862371574,400,-1.283516676522886,1030,-1.3952477484065022,420,-1.284436823314314,1159,-1.4075554341816585,380
diabetes.bif,10000,-0.031269692746362876,1650,-0.11971779620443285,1250,-0.42896669119313374,226,-0.2665642831422564,790,-0.49505179290912454,487,-0.27021795277395966,730,-0.03185252146540803,328,-0.18495933126994463,340,-0.03205430632331965,427,-0.18446401438103227,340
diabetes.bif,10000,-0.057646619081118546,495,-0.05840490000603346,459,-0.14555105796175716,111,-0.11254134265667964,378,-0.10757234139975935,288,-0.0714219165058601,360,-0.057322651618102585,107,-0.06197976259689374,117,-0.057039092247260746,154,-0.070789898894748,108
diabetes.bif,10000,-0.2259622112353265,770,-0.22580454396191563,630,-0.2394908758516188,114,-0.3418653999018685,301,-0.23838628972446768,157,-0.3198381018472163,294,-0.22362463791745069,248,-0.2643650062103853,182,-0.22359275593178154,255,-0.26781178642350817,161
diabetes.bif,10000,-0.5705808175723216,550,-0.567884626923212,350,-0.5921641506703563,86,-0.5764504815070335,260,-0.5915291680027657,89,-0.5777851190776337,245,-0.5672427381804854,195,-0.5756345087770428,130,-0.5674371577903733,194,-0.577200923463204,125
diabetes.bif,10000,-0.0072942161236466295,576,-0.007428785139159772,408,-0.011446721530659945,38,-0.008521179250085976,192,-0.008060219882717653,166,-0.008472602333440023,156,-0.007596376508721056,63,-0.008444165328340823,192,-0.007436085166270432,143,-0.008402962011416258,156
diabetes.bif,10000,-0.007160873546191713,1890,-0.05302178572494288,1440,-0.15753405312327629,138,-0.3196129259617033,405,-0.028846073805347986,724,-0.15651663636402854,390,-0.009553589972918504,69,-0.03253396835601409,225,-0.008704816856506451,388,-0.03253396835601409,225
diabetes.bif,10000,-0.006593976805984982,1862,-0.05935324429866415,1190,-0.39580236601625257,257,-0.30214869261974425,574,-0.5331498519179795,502,-0.23659105386864876,616,-0.005774887662178032,90,-0.03052053570079396,196,-0.005812149258153872,109,-0.03052053570079396,196
diabetes.bif,10000,-1.3916285490737095,6720,-1.5160915948761449,2720,-1.3505360123989398,481,-1.539945301873886,540,-1.3482602349896877,737,-1.5237841786060615,400,-1.291480675868595,1087,-1.4168118551278055,420,-1.2924788848971145,1253,-1.423724401461272,400
diabetes.bif,10000,-0.030489735845463564,1650,-0.11621641130653258,1250,-0.4219872537619726,228,-0.2769010928716902,780,-0.4697502014362195,448,-0.23917020209448397,790,-0.032007163512842454,278,-0.22658369458259095,280,-0.031925005717947395,341,-0.17847071645742846,300
diabetes.bif,10000,-0.055122546527038685,495,-0.05555855944988189,459,-0.14120289306557418,111,-0.12747229339010802,369,-0.11929357890456145,279,-0.08243765357062977,360,-0.05371916795624181,120,-0.05555966224327566,117,-0.05402120728329512,158,-0.05971479690058006,117
diabetes.bif,10000,-0.24492615416784114,770,-0.2449106016968469,630,-0.25132813194466164,109,-0.3505677425160982,322,-0.25109440952956213,152,-0.33048303881073293,308,-0.24079791218204433,228,-0.3058005090297971,154,-0.24074962880046596,223,-0.2818196168611561,161
diabetes.bif,10000,-0.5761891188797201,550,-0.5764755735416816,350,-0.5970817603565792,86,-0.581592286005459,260,-0.5966517790317128,90,-0.5865207411700568,230,-0.570888120556156,203,-0.573721141645692,120,-0.5709850078209556,227,-0.5819158265523416,100
diabetes.bif,10000,-0.0071462249538544655,576,-0.008076972544279207,408,-0.014890729477144328,36,-0.022881807153220232,180,-0.007945563447674308,169,-0.009605155165182002,156,-0.007662457322893297,64,-0.029953417824503895,168,-0.007236124123411632,135,-0.009605155165182002,156
diabetes.bif,10000,-0.007980442740494602,1890,-0.07817141906301026,1365,-0.16888890974201767,140,-0.3230366941586528,405,-0.03490669985866175,606,-0.18623973243342054,360,-0.007452880731707151,67,-0.04003102881350794,225,-0.008160482576214914,372,-0.04003102881350794,225
diabetes.bif,10000,-0.006752448671674051,1862,-0.0679504811657414,1190,-0.39324885532164155,256,-0.2957423354149846,602,-0.5454496466006373,546,-0.26946179263340964,602,-0.008074339785120522,76,-0.010909052983834207,210,-0.007774809959369125,103,-0.010909052983834207,210
diabetes.bif,10000,-1.3638276387567156,6720,-1.516240179211432,2320,-1.3551614950680406,476,-1.5550098763978049,400,-1.3515266518445224,719,-1.504862932003293,460,-1.284765578187464,1074,-1.4040777964370152,420,-1.2853704775705241,1194,-1.4032070128214322,520
diabetes.bif,10000,-0.026667889886206997,1650,-0.11555803644721982,1250,-0.43023617042374473,226,-0.27129837031635906,780,-0.4913511455719754,474,-0.26766941929886917,720,-0.028493928597613672,262,-0.13598540870104983,290,-0.028640410600334634,351,-0.13449667941386148,320
diabetes.bif,10000,-0.06679698891697923,495,-0.06749285125794471,459,-0.14499061854424186,108,-0.1337586907220712,369,-0.141533020135736,262,-0.07154362861283221,378,-0.06717688280560276,118,-0.07880961978222499,117,-0.06701602918115009,149,-0.07891235571620078,117
diabetes.bif,10000,-0.22718520521338972,770,-0.22718543862119678,630,-0.23351684433633926,113,-0.3321557891180595,308,-0.23401092159986675,152,-0.3015033048387685,308,-0.2250152520632908,213,-0.2733615733993992,196,-0.2249240162940434,245,-0.2603691108723405,175
diabetes.bif,10000,-0.575447312377238,550,-0.575881304034296,350,-0.5953226824457737,91,-0.5813079311745992,255,-0.5946192994686452,93,-0.5814713060314961,250,-0.5700576647055392,217,-0.5814907958299239,110,-0.5698555910417931,237,-0.5799828456196858,120
diabetes.bif,10000,-0.004536529898190752,576,-0.005522600862475062,408,-0.011503859364601715,37,-0.00654984825633175,192,-0.005966131969291455,174,-0.006682842797383323,156,-0.0058455792443134315,49,-0.011203910898746453,180,-0.005322686343485247,147,-0.006634443786770627,156
diabetes.bif,10000,-0.009269541332209493,1890,-0.05147633096329165,1440,-0.1453037884254433,144,-0.28996747064132095,435,-0.03261200194444065,771,-0.15887249089680133,390,-0.00974277378477858,69,-0.04067322923044076,285,-0.009613943512109728,322,-0.04067322923044076,285
diabetes.bif,10000,-0.006338648266257981,1862,-0.0648302456012579,1190,-0.41444413958585236,258,-0.2663512610464869,616,-0.5525827054711837,521,-0.2404172359083984,616,-0.005509420042319613,71,-0.02865023275699115,196,-0.005450292244416346,82,-0.02865023275699115,196
diabetes.bif,10000,-1.3918418824901686,6720,-1.5390225313754617,2320,-1.3501020981458445,483,-1.5422499223835255,440,-1.3480999259416917,716,-1.5207147704864035,440,-1.2971537218839007,1018,-1.4069075919140934,400,-1.2975232527431249,1137,-1.384446751037317,420
diabetes.bif,10000,-0.026883928547857858,1650,-0.06903718100164928,1450,-0.43016580995252524,226,-0.26465937854581195,790,-0.4779473163018318,493,-0.2748913847820888,730,-0.028834205754380258,290,-0.2117889341540526,300,-0.028859083308515592,401,-0.16641445999764418,300
diabetes.bif,10000,-0.05245594055527089,495,-0.052689091930487326,459,-0.1364313556751125,117,-0.11119165377952978,378,-0.10783928748504058,255,-0.05848557570597335,369,-0.0516855899483578,119,-0.05325334551168492,126,-0.05176822760374567,165,-0.050457945256449435,126
diabetes.bif,10000,-0.23289969270402971,770,-0.232888841458948,630,-0.24082709288442683,113,-0.33100797279616,308,-0.2391686531280134,155,-0.3114120964830726,301,-0.23086540020116736,224,-0.27719256952406246,161,-0.23073158974433663,227,-0.2678167362715389,168
diabetes.bif,10000,-0.5731617724891069,550,-0.5736673710945631,350,-0.595822621882959,87,-0.5789465357667051,245,-0.5951943367816771,86,-0.5787730243782652,235,-0.5699439996860577,218,-0.5739733495945597,110,-0.5699294483020814,237,-0.5744883290253655,120
diabetes.bif,10000,-0.010193406663395287,576,-0.010654040559113313,408,-0.011134374750546783,37,-0.02206066388476038,180,-0.010681605688843465,162,-0.010475429267415808,168,-0.010189397009343201,74,-0.029086569031772386,168,-0.010079640249048494,148,-0.010459705083512422,168
diabetes.bif,10000,-0.008952901803163,1890,-0.07274823464971734,1365,-0.14908724866672124,144,-0.28172613396803464,435,-0.039733468147591544,625,-0.15315458978009153,390,-0.00785256424741895,91,-0.04047164069218336,225,-0.008187647696046386,350,-0.04047164069218336,225
diabetes.bif,10000,-0.007839432575966676,1862,-0.05610498575037183,1190,-0.42642064435335225,265,-0.26864695791734927,602,-0.5677427557312298,515,-0.2590762421556004,602,-0.009054533966591246,80,-0.0354950571854484,196,-0.008950519987494443,97,-0.0354950571854484,196
diabetes.bif,10000,-1.387493626174127,6720,-1.507573410623289,2320,-1.3472637790110484,478,-1.534841207165482,420,-1.3443277897745842,691,-1.5008876975155987,460,-1.2936790189731664,1059,-1.4334148151590298,440,-1.2931982523617087,1180,-1.4187028015699772,480
diabetes.bif,10000,-0.02907962238221054,1650,-0.11249557177452625,1250,-0.424136410739631,229,-0.25835878993332473,790,-0.4801666154906991,481,-0.265625218509647,740,-0.029919510890926176,244,-0.1482835642010881,290,-0.02973006944563079,322,-0.17680102649456622,270
diabetes.bif,10000,-0.05482625964863573,495,-0.055407641595248185,459,-0.1299305019060155,112,-0.10618368439285884,378,-0.09285979501994475,293,-0.06450974944075419,369,-0.055183834930272596,104,-0.059148425347942124,126,-0.0550410764348661,162,-0.06788728272293645,117
diabetes.bif,10000,-0.21614473480459728,770,-0.21587628625828625,630,-0.2283474500501714,116,-0.3096483892481456,329,-0.22716773403005222,175,-0.3039888570411857,294,-0.2133543448757957,223,-0.2770899632409236,168,-0.213165315660697,253,-0.2593854274808305,168
diabetes.bif,10000,-0.5707850410149957,550,-0.5706137602963068,350,-0.5920046986338829,89,-0.58348320174004,250,-0.5912379934674953,86,-0.5929178338512826,230,-0.5653616459750445,209,-0.5771444800007506,115,-0.5654198856583967,223,-0.5756692513760183,115
diabetes.bif,10000,-0.004057574393393922,576,-0.005294558746900351,408,-0.010334231970293123,41,-0.016766949754949776,180,-0.005352068963819814,147,-0.006160865407909495,156,-0.004205185756270559,94,-0.005970967862525175,192,-0.00426040602513472,151,-0.006160865407909495,156
diabetes.bif,10000,-0.005752121363440557,1890,-0.070170084234753,1365,-0.13141870492196608,143,-0.29995876467162896,420,-0.02971818567121058,681,-0.1779679976331174,375,-0.006568046600259532,64,-0.023461970393672066,270,-0.006870306381157326,318,-0.023461970393672066,270
diabetes.bif,10000,-0.007345571115432482,1862,-0.0658303866308382,1190,-0.41016446044774485,259,-0.2980324530406585,602,-0.5697584422969847,524,-0.24941919220751949,616,-0.0065667801680234636,60,-0.031231465657925787,196,-0.006490546150809322,91,-0.031231465657925787,196
diabetes.bif,10000,-1.3562429906005953,6720,-1.499595195945197,2320,-1.3258857663565418,476,-1.5308998800320721,400,-1.322570347551875,717,-1.4939058406738104,420,-1.2750739267314872,1044,-1.3684055435522986,460,-1.2750067025530596,1188,-1.3684055435522986,460
diabetes.bif,10000,-0.029808603234365603,1650,-0.12048758050805602,1250,-0.43618827792276404,224,-0.296914551941516,780,-0.5540792140735513,497,-0.2442442815231577,770,-0.03132757889501784,246,-0.15725605376481008,290,-0.03130638150077797,360,-0.1718463865513747,280
diabetes.bif,10000,-0.06269379713521149,495,-0.06244541711441422,459,-0.15427621771785122,110,-0.11900684729406391,378,-0.1268941008547289,278,-0.07225963918424028,378,-0.06172285222397037,96,-0.06500838789377095,117,-0.061881007699631445,146,-0.07510606165167862,108
diabetes.bif,10000,-0.2350350296331543,770,-0.2348913989091498,630,-0.24343230493455212,111,-0.32843949461810135,322,-0.2440873757854476,160,-0.3263517236469391,280,-0.23225494786898962,220,-0.28507559581901776,182,-0.23213214704292515,246,-0.27221274895796593,147
diabetes.bif,10000,-0.5781065135597542,550,-0.5782086860339516,350,-0.596249937614467,85,-0.5844097274818091,255,-0.5956055202987564,86,-0.5929851314139388,210,-0.572602992702842,223,-0.5890221508336967,110,-0.5728428519078222,238,-0.5817008974297326,100
diabetes.bif,10000,-0.007418642934927442,576,-0.008387730393134644,408,-0.014596069901053318,39,-0.009616736879663636,192,-0.008795995003966403,160,-0.010104815716559572,156,-0.008579616495220271,91,-0.015544081940874267,180,-0.008057056022132051,144,-0.010093732217505398,156
diabetes.bif,10000,-0.008634427217692937,1890,-0.07218092253096585,1365,-0.14822834821243824,144,-0.3034468896384305,420,-0.029771746193981274,580,-0.16199869541116935,390,-0.00865465749765695,75,-0.0424847776181513,240,-0.009211649214418461,353,-0.0424847776181513,240
diabetes.bif,10000,-0.010661478766261289,1862,-0.06378761260412828,1190,-0.4125734059614869,263,-0.3109008905716307,574,-0.5089406328997599,526,-0.2581421916046084,602,-0.009355613225458245,71,-0.010280047419842618,210,-0.009356263080561715,85,-0.010280047419842618,210
diabetes.bif,10000,-1.3806583564396286,6720,-1.5105166076201895,2320,-1.3426782866224163,465,-1.5339297894732973,420,-1.3411591967704706,677,-1.4794887662597564,460,-1.2874746852886214,1046,-1.390199565646476,420,-1.2875764557915967,1221,-1.3865450548553226,400
diabetes.bif,10000,-0.02725527560601987,1650,-0.11131659126828297,1250,-0.42245431320821425,226,-0.28762230261799066,770,-0.49852102307075485,408,-0.25659458145805236,760,-0.029161706141503464,296,-0.16326033825572714,300,-0.02910784087072601,372,-0.16326033825572714,300
diabetes.bif,10000,-0.06202906943081738,495,-0.06289121854792556,459,-0.167125009092961,112,-0.12800526020595357,369,-0.15065483114087577,274,-0.07552431225252303,369,-0.06165518957215356,120,-0.06935502008976899,117,-0.061462758073467946,164,-0.07758197724883957,108
diabetes.bif,10000,-0.22151694236220656,770,-0.22149581295888657,630,-0.23307474990007354,112,-0.303350553102002,322,-0.23283132148401472,169,-0.29293998480018774,301,-0.2178176850840642,221,-0.2601525239629519,154,-0.2174908611611735,247,-0.26523268382231147,161
diabetes.bif,10000,-0.5639670228088697,550,-0.5676138273418918,350,-0.588095632025818,89,-0.5819651199927849,240,-0.5875659407550358,86,-0.5775836313385222,230,-0.561966893669787,199,-0.5746057821206734,95,-0.5618507036105482,204,-0.5716891557972114,105
diabetes.bif,10000,-0.0024624982163395873,576,-0.003731378332522138,408,-0.007827840834170405,45,-0.016519344830444614,180,-0.003687462145080724,160,-0.004754685112433255,156,-0.0027294147465287398,141,-0.02038886093032581,168,-0.0026943709558505152,167,-0.004754685112433255,156
diabetes.bif,10000,-0.01118709893017286,1040,-0.03374431714804114,848,-0.11009243571634102,133,-0.14158097088328547,480,-0.023686826342001345,294,-0.11534868745509944,368,-0.010820397695292005,74,-0.044081832430273554,208,-0.010447558103867516,150,-0.044081832430273554,208
diabetes.bif,10000,-0.00747127393679746,1890,-0.05320022432001273,1440,-0.12180294115878387,151,-0.30313647921383474,420,-0.03142344295008001,682,-0.15909319228529745,375,-0.007405574315949785,105,-0.02894572074606043,285,-0.0073399955527191875,386,-0.02894572074606043,285
diabetes.bif,10000,-0.00782605730515571,1862,-0.06568657557631645,1190,-0.4112883239626931,261,-0.29466363292646097,588,-0.5527022779981681,526,-0.24853437016023053,602,-0.006640592398973183,75,-0.03163233685416187,196,-0.006617436296737553,110,-0.03163233685416187,196
diabetes.bif,10000,-1.382475419162191,6720,-1.5266395286336683,2320,-1.3476107937421349,475,-1.5418437247146042,460,-1.3452364302283575,721,-1.5380567880912475,380,-1.2933936563431188,1085,-1.3922317101228108,460,-1.2940706123928412,1192,-1.3843994655062384,460
diabetes.bif,10000,-0.03253283917423531,1650,-0.07146559740017673,1450,-0.42830283290901516,228,-0.2564511332841033,800,-0.5028244145838273,455,-0.2828633107279411,750,-0.03184929397512017,315,-0.14420773981587254,340,-0.032027449472089256,386,-0.13494670436072967,340
diabetes.bif,10000,-0.06282969793155727,495,-0.06306048720461328,459,-0.13429789707632933,113,-0.12661611886203183,369,-0.1115415924677339,289,-0.0865507456806069,351,-0.061752970198813775,101,-0.06293744762544962,117,-0.06207559360129934,154,-0.06988083174801818,108
diabetes.bif,10000,-0.2376531757767051,770,-0.23766090471795218,630,-0.24445149464710184,114,-0.34382528615033336,322,-0.2450514535244817,163,-0.32368840805161603,301,-0.2360175914249117,236,-0.28773619443369386,161,-0.2368080900022263,245,-0.2908853013767075,154
diabetes.bif,10000,-0.5781299264670402,550,-0.5789674767448555,350,-0.5990326758190546,88,-0.604159914787511,230,-0.5982579353840847,86,-0.6067283766646355,180,-0.5748549169593349,204,-0.5943657124705367,110,-0.5747598610750738,208,-0.5856029773849704,110
diabetes.bif,10000,-0.010970706982953164,576,-0.013000277864217367,408,-0.019735683172261122,41,-0.013166366219732257,192,-0.012112055445060336,157,-0.014290659718929516,168,-0.011684660033156788,76,-0.019643752824308854,180,-0.011276061147797518,144,-0.014290659718929516,168
diabetes.bif,10000,-0.009385342658140788,1890,-0.06979899582275846,1365,-0.13797544295863118,137,-0.31131885777434026,405,-0.028383528617777064,627,-0.15179443997674097,375,-0.00901840853623445,79,-0.03219215497022373,240,-0.0095914754552122,328,-0.03219215497022373,240
diabetes.bif,10000,-0.010618117026520917,1862,-0.06506306249890831,1190,-0.40117577830286694,257,-0.3056005335428942,574,-0.544827627511449,510,-0.23270377463722736,630,-0.007946007814921555,100,-0.03360606912170239,196,-0.007797673842031949,125,-0.03360606912170239,196
diabetes.bif,10000,-1.3807285125153392,6720,-1.5287976014691005,2320,-1.3451680367410899,484,-1.5065637972425632,580,-1.3423436286546762,712,-1.4960295134442172,440,-1.2852133577200218,1070,-1.4388944712989746,380,-1.2860558783882596,1222,-1.4367255933641079,480
diabetes.bif,10000,-0.026393426879793243,1650,-0.11720758724536118,1250,-0.4261761713656776,223,-0.28977676133941827,780,-0.5191721812547058,440,-0.2676512398569202,760,-0.02715376006912717,247,-0.17493232481345783,260,-0.027225178443913298,323,-0.12830291306118824,290
diabetes.bif,10000,-0.06380166328841139,495,-0.06412110407229127,459,-0.14963653274903152,109,-0.1302283636259829,369,-0.13163628575441283,268,-0.06984457468625362,378,-0.0640079133475017,104,-0.06817053762120323,117,-0.0639592548829322,142,-0.07565230562827795,108
diabetes.bif,10000,-0.23050527988779118,770,-0.23051106942782318,630,-0.23498830480110755,111,-0.3205933948739351,322,-0.23371284934072772,146,-0.3055260285029842,294,-0.2266276223566662,232,-0.2686873978018029,168,-0.22622601693366493,239,-0.2694879148140334,161
diabetes.bif,10000,-0.5736478361860534,550,-0.5755385873584344,350,-0.5955246161099365,86,-0.5861530341254759,240,-0.5947590381297405,86,-0.5964821665662841,150,-0.5710318123436101,205,-0.5876432863363953,135,-0.5708504221509101,225,-0.578908596086674,100
diabetes.bif,10000,-0.005341533484646195,576,-0.0067209186489178155,408,-0.012845017940594613,40,-0.007781413445893611,192,-0.005722760603217087,159,-0.008443022061443336,156,-0.005125931520778914,104,-0.013106223027640931,180,-0.005085917127026083,162,-0.008443022061443336,156
diabetes.bif,10000,-0.007238206322164481,1890,-0.10604335302768404,1290,-0.1577006780514552,147,-0.30633609551948066,420,-0.03783513133669962,814,-0.17926252882176774,360,-0.010590318606395633,72,-0.02642263131978775,240,-0.009285020947272103,340,-0.02642263131978775,240
diabetes.bif,10000,-0.010810987070623605,1862,-0.06853384936456515,1190,-0.4150381117276749,256,-0.28344861399806637,616,-0.5718478978446895,522,-0.2679659260729992,602,-0.0074139298161817226,86,-0.008062276495806682,210,-0.007397320937952594,121,-0.008062276495806682,210
diabetes.bif,10000,-1.3645198965052923,6720,-1.49948496784841,2320,-1.3398382472578374,489,-1.528797842861792,440,-1.3378968940866829,762,-1.520963748951929,400,-1.279787398015196,1022,-1.4542973893804785,340,-1.2806092976444634,1163,-1.4541563015942234,360
diabetes.bif,10000,-0.027834334159086625,1650,-0.11286628081430053,1250,-0.42571524684865636,228,-0.2637417055301532,790,-0.4708268672043698,431,-0.224226997298533,750,-0.02920043036670211,280,-0.1781595836709966,320,-0.02911851464169903,364,-0.16934273862569935,320
diabetes.bif,10000,-0.05964828513007627,495,-0.05987336173212076,459,-0.13135515328926836,111,-0.12259982557445746,369,-0.11655844209330944,265,-0.07234981434743258,360,-0.058355952085384015,108,-0.059359027473544,117,-0.05847492184278126,141,-0.05935899721497599,117
diabetes.bif,10000,-0.22482629905464382,770,-0.22482621323549334,630,-0.23929891067618836,117,-0.3340455317734285,322,-0.23972424458982336,158,-0.32223029552095867,294,-0.22305195068347697,230,-0.2729150741202609,203,-0.22290419395414374,252,-0.2669001611935737,196
diabetes.bif,10000,-0.5617166992026399,550,-0.561733641755836,350,-0.5840930728043592,90,-0.5716662519761312,245,-0.5833659877552418,86,-0.5716462101011863,205,-0.5601177840101719,217,-0.5719330610496571,130,-0.5598748907615752,225,-0.575390823084021,115
diabetes.bif,10000,-0.0031779568064934606,576,-0.004246164390218407,408,-0.009691232104851462,42,-0.005023859819233526,192,-0.004113578548352027,158,-0.005440172038376652,156,-0.0033361926490338705,112,-0.010462087608049496,180,-0.0033779562662417505,139,-0.005440172038376652,156
diabetes.bif,10000,-0.010052517129386129,1890,-0.07658573053991,1365,-0.15526172890222215,141,-0.30968981312331095,420,-0.037455288544076065,609,-0.15075677749820388,390,-0.012187129746109724,75,-0.04422375884645737,270,-0.01134906175482376,359,-0.04422375884645737,270
diabetes.bif,10000,-0.008840394908832696,1862,-0.07126233160361098,1190,-0.3889056795327748,253,-0.29175993444370985,602,-0.546358005408874,518,-0.2773332659683293,588,-0.009018756009673126,98,-0.011973691908555293,210,-0.008717380114343377,121,-0.011973691908555293,210
diabetes.bif,10000,-1.3911823588550516,6720,-1.5481389890231616,1920,-1.351433477185198,480,-1.541489549204167,420,-1.3507866887107027,735,-1.5141218887403336,420,-1.301998496031007,1044,-1.4010136063662293,420,-1.3027226590624117,1193,-1.4466285552099087,340
diabetes.bif,10000,-0.03437463794915632,1650,-0.10395656248280577,1350,-0.42520229252681374,227,-0.27582184514837804,790,-0.4789244692588021,463,-0.273699877905636,730,-0.03408156818052458,291,-0.19484206776724708,310,-0.03421732549555317,387,-0.1522667234517087,330
