alarm.bif,500,-0.8728175900849648,72,-0.9192497088859204,21,-0.86705626700891,72,-0.8845544046217072,27,-0.8604106644164563,72,-0.8845544046217072,27,-0.8568290430877751,72,-0.875409055867627,33,-0.855712165406906,72,-0.875409055867627,33
alarm.bif,500,-0.386054084702759,72,-0.4161425477665809,18,-0.3806425056879381,72,-0.4161425477665809,18,-0.37457374360380713,72,-0.4161425477665809,18,-0.37159772648261186,72,-0.4096393365474378,21,-0.37094619660370287,72,-0.4096393365474378,21
alarm.bif,500,-0.8819429739995865,72,-0.9434209046160548,24,-0.8766913559754532,72,-0.9434209046160548,24,-0.8706569917961849,72,-0.9434209046160548,24,-0.8674634949656469,72,-0.9340335424208408,30,-0.8665418477121877,72,-0.9340335424208408,30
alarm.bif,500,-0.40074654477912475,72,-0.4221771834791205,18,-0.3977650802784169,72,-0.4221771834791205,18,-0.3945891538882189,72,-0.41833153155766833,24,-0.3933327702243965,72,-0.40605921292331193,30,-0.3933804378666259,72,-0.40605921292331193,30
alarm.bif,500,-0.8641441008916919,72,-0.8689691799172305,33,-0.8603371281485257,72,-0.8689691799172305,33,-0.8562711629646692,72,-0.8689691799172305,33,-0.8545882661240876,72,-0.8689691799172305,33,-0.8545110191010397,72,-0.8689691799172305,33
alarm.bif,500,-0.3901054152315714,72,-0.39667279915424786,27,-0.38655596396625574,72,-0.39667279915424786,27,-0.38279658118890786,72,-0.39667279915424786,27,-0.38128901899785894,72,-0.39667279915424786,27,-0.3812700774382302,72,-0.39667279915424786,27
alarm.bif,500,-0.90726681380304,72,-0.8710866523470473,33,-0.8976399955654697,72,-0.8710866523470473,33,-0.8859125447998611,72,-0.9004596499371997,36,-0.8785362702178502,72,-0.9004596499371997,36,-0.8752424099769429,72,-0.9004596499371997,36
alarm.bif,500,-0.36913709574349096,72,-0.3982862708224049,24,-0.36622868691366783,72,-0.3982862708224049,24,-0.36325971107128446,72,-0.3982862708224049,24,-0.3623144950274163,72,-0.391206017205438,27,-0.3626405545437235,72,-0.3872649833933374,30
alarm.bif,500,-0.8783547538510765,72,-0.8751258342829269,39,-0.8717219862021559,72,-0.8748078721512406,39,-0.8639745605456832,72,-0.8748078721512406,39,-0.8596428421636135,72,-0.8748078721512406,39,-0.8581524102948049,72,-0.8748078721512406,39
alarm.bif,500,-0.3923574879956017,72,-0.4092172912235514,24,-0.3866598417705834,72,-0.4092172912235514,24,-0.38020240250174386,72,-0.4092172912235514,24,-0.37692621071716076,72,-0.4030756847522245,27,-0.37610564158842485,72,-0.4030756847522245,27
alarm.bif,500,-0.8893574485183734,72,-0.8663516836201159,33,-0.8816933111894144,72,-0.8663516836201159,33,-0.8726848614941606,72,-0.8663516836201159,33,-0.8675122958021335,72,-0.8920136734488913,36,-0.8655743456713791,72,-0.8920136734488913,36
alarm.bif,500,-0.375656831213897,72,-0.4000544969347956,24,-0.37160626800078117,72,-0.4000544969347956,24,-0.36738758531076376,72,-0.4000544969347956,24,-0.3658532517798164,72,-0.4000544969347956,24,-0.36604881873343936,72,-0.3903049675603514,30
alarm.bif,500,-0.8792674901447319,72,-0.8797351024437343,30,-0.8731397411700101,72,-0.8797351024437343,30,-0.8661905069350014,72,-0.8797351024437343,30,-0.8626325328579733,72,-0.8704295015096084,36,-0.8616839047314204,72,-0.8704295015096084,36
alarm.bif,500,-0.3674785989591387,72,-0.40822244943591623,18,-0.3648730606000551,72,-0.40822244943591623,18,-0.3625564555584909,72,-0.40822244943591623,18,-0.36246031530600203,72,-0.40822244943591623,18,-0.3635001431445299,72,-0.3865147580894474,30
alarm.bif,500,-0.9027587981532507,72,-0.8802918570033648,33,-0.8916904493563603,72,-0.8802918570033648,33,-0.8779952805145534,72,-0.8802918570033648,33,-0.8690862280548909,72,-0.8802918570033648,33,-0.8649043343738682,72,-0.8802918570033648,33
alarm.bif,500,-0.3805648732562295,72,-0.40844139870943025,18,-0.375994578624104,72,-0.40844139870943025,18,-0.3708571111778344,72,-0.3953555746211525,27,-0.36836250526981673,72,-0.3953555746211525,27,-0.367881086016524,72,-0.3894692778016032,33
alarm.bif,500,-0.874745872093606,72,-0.9102968598258216,24,-0.8690558095016868,72,-0.9102968598258216,24,-0.8624218457224869,72,-0.8836581817611956,27,-0.8587754513896901,72,-0.8836581817611956,27,-0.8576141059799682,72,-0.8836581817611956,27
alarm.bif,500,-0.3823125341955841,72,-0.41699044765752524,18,-0.378229328801385,72,-0.41699044765752524,18,-0.3736259077643511,72,-0.41699044765752524,18,-0.3713671548703761,72,-0.4029215538002103,24,-0.3709091094548638,72,-0.39675424623665434,27
alarm.bif,500,-0.8748566777790553,72,-0.8780467474896806,33,-0.8693744134098812,72,-0.8780467474896806,33,-0.8630013564485193,72,-0.8780467474896806,33,-0.8595007672182757,72,-0.8780467474896806,33,-0.8583598617430189,72,-0.8780467474896806,33
