net,size,logtable,sizetable,logtree,sizetree,loglrdummy,sizelrdummy,logtreedummy,sizetreedummy,  loglgpair,sizelgpair,   logtreepair,sizetreepair,loglgld,sizelgld,  logtreeld,sizetreeld,loglgldpair,sizeldlgpair,logtreeldpair,sizetreeldpair
hailfinder.bif,500,-0.9876411912760287,192,-1.0403379558302943,57,-0.8743842218664175,37,-1.0099167817150718,33,-0.8743839604311943,37,-1.0099167817150718,33,-0.8807399785866521,58,-0.8792097077651965,27,-0.8807427912205273,58,-0.8792097077651965,27
hailfinder.bif,500,-0.5913318369098071,96,-0.5998720949701292,24,-0.5708065095961088,17,-0.6147953020395669,24,-0.570813676558712,17,-0.6147953020395669,24,-0.5710276694716029,22,-0.5874364153710488,18,-0.5710264669736722,22,-0.5874364153710488,18
hailfinder.bif,500,-0.8395187402995608,72,-0.8085339841798469,24,-0.802707083492499,15,-0.8101069937874925,14,-0.804095282059854,15,-0.8101069937874925,14,-0.8070808027545612,23,-0.8122436813609953,14,-0.8107160200764031,24,-0.816060101381579,14
hailfinder.bif,500,-1.381170938783927,216,-1.0516357092737505,24,-1.0169847938246996,19,-1.0437363959865402,12,-1.0169862838638226,19,-1.0437363959865402,12,-1.0249006468746475,21,-1.0588602547024006,14,-1.0248984634625786,21,-1.0588602547024006,14
hailfinder.bif,500,-1.039727526101209,144,-0.9555892298989805,34,-0.9144596353817169,20,-0.9835987798987522,26,-0.9144589021022989,20,-0.9791082877473999,24,-0.9320163755642147,25,-0.9602130387482193,14,-0.9313974926021863,25,-0.9602130387482193,14
hailfinder.bif,500,-1.5875832627363946,792,-0.8864960820810304,8,-0.8366940115448613,32,-0.8891947949853087,16,-0.8366941759368376,32,-0.8891947949853087,16,-0.8527145420450224,31,-0.9046768000025955,16,-0.8527146759253307,31,-0.9046768000025955,16
hailfinder.bif,500,-0.9516036537749036,192,-0.9615165629476004,75,-0.8790166763479621,32,-1.0437821729636465,30,-0.8790312334653969,32,-1.0437821729636465,30,-0.895206413971819,62,-0.9179673528015222,30,-0.8952057360529052,62,-0.9179673528015222,30
hailfinder.bif,500,-0.5875038201946774,96,-0.5818304637811854,18,-0.5583131078611866,17,-0.5932819750073534,22,-0.5583150669933468,17,-0.5932819750073534,22,-0.5675535883665399,25,-0.5961728354348055,22,-0.5675546346453013,25,-0.5961728354348055,22
hailfinder.bif,500,-0.8201317542133504,72,-0.806778474628711,14,-0.7906434659899609,14,-0.810446670218438,18,-0.7933706825151967,16,-0.8137985956203072,18,-0.7865365222942978,26,-0.8111192873427807,20,-0.7877690168867498,25,-0.8111192873427807,20
hailfinder.bif,500,-1.301859819926251,216,-1.0458552525137934,8,-1.014073698055025,19,-1.0519390510652549,8,-1.0140775495608267,18,-1.0519390510652549,8,-1.0171761850973289,20,-1.030723051735224,4,-1.0171705025932325,20,-1.030723051735224,4
hailfinder.bif,500,-0.9889254210387302,144,-0.9546447038139604,24,-0.9238590898388919,20,-0.9729329171128729,14,-0.9238545792246868,20,-0.9729329171128729,14,-0.9317503377405246,24,-0.9664883881291142,10,-0.9317509139450136,24,-0.9664883881291142,10
hailfinder.bif,500,-1.5478101311116774,792,-0.8862073065971892,8,-0.8391235105802837,33,-0.9052554389994765,28,-0.8391236849452858,33,-0.9052554389994765,28,-0.8670126586069071,31,-0.8695972875794495,12,-0.8670121627072909,32,-0.8695972875794495,12
hailfinder.bif,500,-0.9647754681416023,192,-0.9758309887810528,66,-0.8760649344045974,35,-1.0095251931391795,30,-0.8760653436590481,35,-1.0095251931391795,30,-0.8773940715886068,60,-0.924078336702468,33,-0.8773936349132219,59,-0.924078336702468,33
hailfinder.bif,500,-0.5926953174623498,96,-0.5792620801720444,30,-0.5585556388819825,17,-0.5874812026432016,24,-0.558559111503089,17,-0.5874812026432016,24,-0.5694842021142407,31,-0.5910749813816089,16,-0.5694445049266281,31,-0.5910749813816089,16
hailfinder.bif,500,-0.8367478183100264,72,-0.7992401119550608,18,-0.7877650810274877,15,-0.8009619300027441,20,-0.7877654453066975,15,-0.8009619300027441,20,-0.7887386934362516,25,-0.8002373399704691,22,-0.788738431457724,25,-0.8002373399704691,22
hailfinder.bif,500,-1.3400779258972877,216,-1.0257867550458675,20,-1.0078794399094695,19,-1.0709921574632937,20,-1.0078801619615907,19,-1.0709921574632937,20,-1.0114179239958132,19,-1.0144211071801825,6,-1.0114187134228825,19,-1.0144211071801825,6
hailfinder.bif,500,-1.0156121969597547,144,-0.9501337915075077,24,-0.9194771536967999,21,-0.9718086080814686,16,-0.919324793335719,21,-0.9534801144990533,16,-0.9266244259452094,27,-0.9421826667172767,14,-0.9266162952870349,27,-0.9421826667172767,14
hailfinder.bif,500,-1.5252249212562363,792,-0.9317771484098109,42,-0.8542982215040512,34,-0.9708695990220464,32,-0.8542982944496634,34,-0.9708695990220464,32,-0.8747286287445455,34,-0.9051080851409276,20,-0.874728662013022,34,-0.9051080851409276,20
hailfinder.bif,500,-0.956604886004521,192,-0.9867629455948898,57,-0.8586772819051086,37,-0.9790957313846784,30,-0.868119299464266,41,-0.9711645326323795,27,-0.8359296283570424,55,-0.8471592619742648,30,-0.8473227994328306,57,-0.8432747918919021,27
hailfinder.bif,500,-0.6171558845483499,96,-0.5876592676808166,30,-0.5532864900645728,17,-0.6269891952500055,22,-0.5532838999465721,17,-0.6269891952500055,22,-0.5585524718841389,23,-0.6022608191565325,22,-0.5585530972017633,23,-0.6022608191565325,22
hailfinder.bif,500,-0.814803321364961,72,-0.799589474057941,24,-0.8024486443062736,15,-0.8053369624096964,18,-0.8024548672610017,15,-0.8053369624096964,18,-0.7928377660620317,24,-0.8090030170106703,14,-0.7928396128647203,24,-0.8090030170106703,14
hailfinder.bif,500,-1.2443291198394386,216,-1.0305862752756376,16,-1.0139305120762774,17,-1.0365958851292956,8,-1.0139344650221118,17,-1.0365958851292956,8,-1.0176827783538385,21,-1.0407591114632126,12,-1.0176807997295805,21,-1.0407591114632126,12
hailfinder.bif,500,-1.037639355208133,144,-0.961883584592346,24,-0.929356237041766,20,-0.980744655318513,22,-0.9293555235904185,20,-0.980744655318513,22,-0.9347857066521652,23,-0.9632604611832745,12,-0.9347839155847938,23,-0.9632604611832745,12
hailfinder.bif,500,-1.5732452301397704,792,-0.8827234146269038,12,-0.8517443353163515,34,-0.9016687533929171,20,-0.8517457166199843,34,-0.9016687533929171,20,-0.866946457821214,35,-0.9418024458066593,18,-0.8669457682628497,35,-0.9418024458066593,18
hailfinder.bif,500,-0.9621109179333347,192,-0.9957751754404297,75,-0.8683824524226246,35,-0.9713208801579861,36,-0.8683853233192039,35,-0.9713208801579861,36,-0.857631545514259,51,-0.9250733323939625,27,-0.8576304524432969,50,-0.9250733323939625,27
hailfinder.bif,500,-0.6038752163205641,96,-0.567003066957172,24,-0.5597855964917325,15,-0.5811513981177326,22,-0.5597859138959032,15,-0.5811513981177326,22,-0.5564432803677348,31,-0.5728192107488443,20,-0.5564235636659057,31,-0.5728192107488443,20
hailfinder.bif,500,-0.817525560231281,72,-0.8007422597424231,24,-0.7924791677892337,13,-0.8131486402598563,16,-0.7924799171880362,13,-0.8131486402598563,16,-0.7923085399440207,31,-0.8109927405938729,18,-0.7923058556815342,31,-0.8109927405938729,18
hailfinder.bif,500,-1.2844409732235564,216,-1.0315478255768522,12,-1.000614162272706,19,-1.0488862274708564,16,-1.0006135990601415,19,-1.0488862274708564,16,-1.0193979877838364,22,-1.0317509403295224,8,-1.0193965827646099,22,-1.0317509403295224,8
hailfinder.bif,500,-1.0338217700417496,144,-0.9895464345303877,22,-0.9288531612759436,21,-1.0233141988842496,22,-0.9288539469116331,21,-1.0233141988842496,22,-0.9432914109444668,27,-0.9617719775985746,16,-0.9432937127518395,27,-0.9617719775985746,16
hailfinder.bif,500,-1.5189621892873006,792,-0.9023967457204992,12,-0.8591689417309836,32,-0.9186057366207149,20,-0.8591686995524757,32,-0.9186057366207149,20,-0.87782234700573,36,-0.9106476920501951,20,-0.877820612171152,36,-0.9106476920501951,20
hailfinder.bif,5000,-0.7844314163307968,192,-0.7844314163307968,192,-0.8427647453734631,37,-0.8019040475616628,117,-0.8427635623953696,37,-0.8019040475616628,117,-0.782722853897174,146,-0.7874473854186321,75,-0.7827228119138022,146,-0.7874473854186321,75
hailfinder.bif,5000,-0.5186687641838444,96,-0.5219216793573972,60,-0.5431017258245027,17,-0.5265453452692186,44,-0.5431031785259016,17,-0.5265453452692186,44,-0.5189534126886021,56,-0.528250254409986,36,-0.5189535477474779,56,-0.528250254409986,36
hailfinder.bif,5000,-0.759080763308418,72,-0.7696686739818532,30,-0.7782491422027213,15,-0.7715507132637597,34,-0.7782492210383709,18,-0.7715507132637597,34,-0.7591751497725416,53,-0.7637855916467805,30,-0.7591751856189896,53,-0.7637855916467805,30
hailfinder.bif,5000,-1.00577144772131,216,-1.0031395298408785,40,-0.9931021011855539,19,-1.0038212973782947,26,-0.9931015923554107,19,-1.0038212973782947,26,-0.9930178276400707,50,-0.9992113977073542,16,-0.9930183369987738,45,-0.9992113977073542,16
hailfinder.bif,5000,-0.9018478390571587,144,-0.9048520280745035,68,-0.8998078935184821,21,-0.909622452068498,52,-0.8998006571005089,21,-0.9083150250776263,50,-0.8952392600069641,67,-0.9026745804953227,44,-0.895196465841452,66,-0.8999595031151139,48
hailfinder.bif,5000,-0.9966605509177853,792,-0.8526307678146635,24,-0.8141861192146146,35,-0.8575557564526646,48,-0.8141847301483763,37,-0.8575557564526646,48,-0.8158754672942323,45,-0.8293224235600956,20,-0.8158753358492373,45,-0.8293224235600956,20
hailfinder.bif,5000,-0.7859080262700462,192,-0.7859080262700462,192,-0.8441341631620826,37,-0.8058531213027016,114,-0.8441390346493219,37,-0.8058531213027016,114,-0.7847618813708114,131,-0.7912512780224642,60,-0.7847621381769851,131,-0.7912512780224642,60
hailfinder.bif,5000,-0.5207918071894156,96,-0.522143127864293,60,-0.5426344678285641,19,-0.5243768520705717,48,-0.5426322839215015,17,-0.5243768520705717,48,-0.5221211405270787,49,-0.5281158427995775,34,-0.5221210956169643,49,-0.5281158427995775,34
hailfinder.bif,5000,-0.7577063486225899,72,-0.7698070892595229,30,-0.7773332756688889,15,-0.7675065252002388,32,-0.7773332289964116,15,-0.7675065252002388,32,-0.7642984860581499,45,-0.7650076981471697,26,-0.7642985264846018,45,-0.7650076981471697,26
hailfinder.bif,5000,-1.0054470597852947,216,-1.001365719882904,28,-0.9935737294993636,19,-1.000804144421703,32,-0.9935756708266159,22,-1.000804144421703,32,-0.990930540732949,45,-0.9982763899084833,20,-0.9909324180597178,45,-0.9982763899084833,20
hailfinder.bif,5000,-0.8977399962124302,144,-0.9087434026350096,44,-0.9015465794354244,21,-0.9079572216847032,44,-0.9015494205577789,21,-0.9046206431845006,48,-0.8989636749335547,61,-0.904940121044473,28,-0.8988781426847224,59,-0.904940121044473,28
hailfinder.bif,5000,-1.000541074993362,792,-0.8493896511203844,44,-0.811950847688717,35,-0.8477960526590128,46,-0.811947161586496,35,-0.8477960526590128,46,-0.8133294516399031,45,-0.8288936979826973,24,-0.8133302318127796,45,-0.8288936979826973,24
hailfinder.bif,5000,-0.7918023819048132,192,-0.7989738368356682,174,-0.8440492857657133,37,-0.8153754210921259,114,-0.8440479385668154,37,-0.8153754210921259,114,-0.7894869003239354,142,-0.8019030654964309,72,-0.7894865643995701,144,-0.8019030654964309,72
hailfinder.bif,5000,-0.5227387850959113,96,-0.5331494236489857,48,-0.5449641077374161,21,-0.5318568678887038,44,-0.5449656342691341,18,-0.5318568678887038,44,-0.5244483413444879,55,-0.5323866722248236,30,-0.524448354975662,55,-0.5323866722248236,30
hailfinder.bif,5000,-0.7587975933733189,72,-0.7658295935118855,36,-0.778378316999133,15,-0.7656183387085307,36,-0.7783782915322424,15,-0.7656183387085307,36,-0.758415562867661,48,-0.7647256297208468,26,-0.7584155928354444,48,-0.7647256297208468,26
hailfinder.bif,5000,-1.0118092224351256,216,-1.0022635209163384,24,-0.9925837914573437,19,-1.0018479949893964,30,-0.9925818081056182,19,-1.0018479949893964,30,-0.9910393224736286,31,-0.9978733335552661,16,-0.9910394932745792,31,-0.9978733335552661,16
hailfinder.bif,5000,-0.9056261220172792,144,-0.910233093533837,44,-0.9021298736699106,21,-0.9148422621236103,56,-0.9021361308448006,21,-0.9137647081959147,58,-0.8954254189484356,62,-0.9038559325521508,48,-0.8955174969843989,63,-0.903714167101521,52
hailfinder.bif,5000,-0.970198291065041,792,-0.8529925582343809,24,-0.8126362820146884,35,-0.8465526281416562,40,-0.8126363940762616,35,-0.8465526281416562,40,-0.8129901328051428,45,-0.8251187739967479,18,-0.8129902847861131,45,-0.8251187739967479,18
hailfinder.bif,5000,-0.7819191578859899,192,-0.786514732304972,183,-0.845113171716557,37,-0.8042757562873821,111,-0.8453853708127652,41,-0.8083052129695084,93,-0.783608143812434,141,-0.787766542952822,57,-0.7832443546940036,142,-0.7877306275055973,57
hailfinder.bif,5000,-0.5241435070653288,96,-0.5244148884121822,60,-0.5428437089079844,17,-0.5254760635120459,50,-0.5428467911297403,19,-0.5254760635120459,50,-0.5198211996130698,54,-0.526706594588079,34,-0.5198212241338899,54,-0.526706594588079,34
hailfinder.bif,5000,-0.7592472239767031,72,-0.7646676572263758,42,-0.7788204036750698,15,-0.7699921399673468,32,-0.778817111081924,15,-0.7699921399673468,32,-0.7581818448415095,48,-0.7636758608943567,28,-0.7581817859951426,50,-0.7636758608943567,28
hailfinder.bif,5000,-1.0063526114733814,216,-1.0025873440292148,28,-0.9929487429028495,19,-1.0026869143678745,28,-0.9929489874420764,19,-1.0026869143678745,28,-0.9928421015913574,43,-0.9995086253016343,18,-0.9928420637610931,43,-0.9995086253016343,18
hailfinder.bif,5000,-0.9049332128883354,144,-0.9028890886956704,54,-0.9030485441748337,21,-0.9142683521759651,54,-0.903022152824554,21,-0.9140089593456452,54,-0.8960017338239148,61,-0.9051137570368534,44,-0.8959583246953,63,-0.9051279954802374,44
hailfinder.bif,5000,-0.9545410042598087,792,-0.8535776788467708,24,-0.8127298828397699,35,-0.8447640673250549,36,-0.8127277299511214,35,-0.8447640673250549,36,-0.8151208402137757,45,-0.8251604860924584,20,-0.8151196467468101,45,-0.8251604860924584,20
hailfinder.bif,5000,-0.7944286194835737,192,-0.7944286194835737,192,-0.8437904150433385,37,-0.8162063177885625,120,-0.8437899298055905,37,-0.8162063177885625,120,-0.7927356343300246,142,-0.7930217577662898,66,-0.7927356932364944,142,-0.7930217577662898,66
hailfinder.bif,5000,-0.5233732925235522,96,-0.5243157564917926,60,-0.5426780797223801,19,-0.5264581006525861,54,-0.5426850645705206,21,-0.5264581006525861,54,-0.5278264668809944,57,-0.5247442608415612,46,-0.5278262722656117,57,-0.5247442608415612,46
hailfinder.bif,5000,-0.7597218417119468,72,-0.7737047694662574,36,-0.7782534047917027,16,-0.7709469745699079,34,-0.778251633414697,15,-0.7709469745699079,34,-0.7591617976586529,52,-0.763877627669064,28,-0.7591617415053518,52,-0.763877627669064,28
hailfinder.bif,5000,-1.0041431516745731,216,-1.0002744027814618,24,-0.9916378038317234,19,-1.002716821319825,26,-0.9916376229166585,19,-1.002716821319825,26,-0.9910441531205947,43,-0.9979909935529002,16,-0.9910439444462842,43,-0.9979909935529002,16
hailfinder.bif,5000,-0.9012443415443693,144,-0.9066161149135045,54,-0.9008444588033332,21,-0.9085999228460967,48,-0.9008434043904412,21,-0.9087233494203348,46,-0.8978248799158766,61,-0.9033025736860045,46,-0.8977842506442075,61,-0.9012752909693132,44
hailfinder.bif,5000,-1.0064542252609627,792,-0.8516367722364292,44,-0.8151315306715694,35,-0.8504209528868918,46,-0.8151321343931419,35,-0.8504209528868918,46,-0.8170210728420043,46,-0.8314978412519173,20,-0.817021066276702,44,-0.8314978412519173,20
hailfinder.bif,10000,-0.7754311425958321,192,-0.7754311425958321,192,-0.8418444756147544,37,-0.784524037632387,147,-0.8418369800064376,37,-0.784524037632387,147,-0.7759997362192211,160,-0.7791549447809378,78,-0.7759992487509656,160,-0.7791549447809378,78
hailfinder.bif,10000,-0.5203823016973284,96,-0.5223582272642232,72,-0.5431462622741164,17,-0.5236650008477981,58,-0.5431402749419418,17,-0.5236650008477981,58,-0.5206651832410383,66,-0.5272451353408288,48,-0.5206655741268632,66,-0.5272451353408288,48
hailfinder.bif,10000,-0.7572677351645978,72,-0.7610034678292558,54,-0.77779178742191,19,-0.7612666318883697,48,-0.7778004877516502,19,-0.7612666318883697,48,-0.7580625509300274,70,-0.7588182782948146,44,-0.758062512059482,70,-0.7588182782948146,44
hailfinder.bif,10000,-0.9907313933882419,216,-0.998804152813135,32,-0.9923227910097508,22,-0.9933181132628619,46,-0.992322307899507,19,-0.9933181132628619,46,-0.9905569487182276,40,-0.9910607428398749,32,-0.9905576010024141,40,-0.9910607428398749,32
hailfinder.bif,10000,-0.888088846852171,144,-0.896938018596882,64,-0.9014978919924237,21,-0.89876096469435,62,-0.9015214509164636,21,-0.8976058501672942,60,-0.8914571960250474,77,-0.8933003462189396,48,-0.8914603012643991,77,-0.8923710568897354,54
hailfinder.bif,10000,-0.8683215711395577,792,-0.8436546867159205,60,-0.8103605343154193,35,-0.8363053951768282,58,-0.8103605677631431,35,-0.8363053951768282,58,-0.8116119016520286,63,-0.8182289789777324,32,-0.8116118597112633,63,-0.8182289789777324,32
hailfinder.bif,10000,-0.7751055547551856,192,-0.7751055547551856,192,-0.8423332635443945,37,-0.785621843437887,138,-0.8423288317559451,37,-0.785621843437887,138,-0.7755486770736659,156,-0.7826463005336052,84,-0.7755478583245281,156,-0.7826463005336052,84
hailfinder.bif,10000,-0.5172503799666093,96,-0.5202698367452685,66,-0.5425649106022769,20,-0.5216548394596331,58,-0.5425650951324263,17,-0.5216548394596331,58,-0.5201977449599643,60,-0.5211105640365112,46,-0.5202004666719944,60,-0.5211105640365112,46
hailfinder.bif,10000,-0.75624145017832,72,-0.758701631224791,54,-0.7769022203187756,15,-0.7576113354626617,46,-0.7769022204340433,15,-0.7576113354626617,46,-0.7556793985414725,55,-0.7592389852875966,32,-0.7556793770695778,55,-0.7592389852875966,32
hailfinder.bif,10000,-0.9965873007219077,216,-0.9980952892905116,48,-0.9907924008400397,19,-0.9929629564381641,42,-0.9907922468227384,19,-0.9929629564381641,42,-0.988931835972177,43,-0.9907573304971456,36,-0.9889320981742709,43,-0.9907573304971456,36
hailfinder.bif,10000,-0.8913060431083782,144,-0.8953981743247167,74,-0.9003521794538567,23,-0.8951061584851577,74,-0.9003534539666156,21,-0.893083663023704,72,-0.8901893824982486,79,-0.8940477285402046,48,-0.8901800387207682,80,-0.8933425826529209,46
hailfinder.bif,10000,-0.8711060264628513,792,-0.8441685601556729,44,-0.8101417367921128,35,-0.8315359773462636,62,-0.8101419320936581,38,-0.8315359773462636,62,-0.8106379806769394,82,-0.8195092588067971,36,-0.8106378332183002,82,-0.8195092588067971,36
hailfinder.bif,10000,-0.776932561685485,192,-0.776932561685485,192,-0.8423677877865805,37,-0.788157722717524,135,-0.8423634278377369,37,-0.788157722717524,135,-0.7770886339309916,152,-0.7812518893706625,84,-0.7770884935505652,152,-0.7812518893706625,84
hailfinder.bif,10000,-0.5193539355444561,96,-0.5211088504725742,66,-0.5423234826170438,17,-0.5226232347115568,62,-0.5423239968212894,20,-0.5226232347115568,62,-0.521558700862838,65,-0.5218618038144257,44,-0.5215587904283859,65,-0.5218618038144257,44
hailfinder.bif,10000,-0.7538628527510415,72,-0.7545146725741142,60,-0.7765680086958215,17,-0.7552755782331905,48,-0.7765681902935757,17,-0.7552755782331905,48,-0.7537637371937413,62,-0.7566889390030488,36,-0.7537637323355558,62,-0.7566889390030488,36
hailfinder.bif,10000,-0.9955200784652718,216,-0.999479004853193,32,-0.991541797600126,20,-1.0001934206065208,30,-0.9915430396763699,23,-1.0001934206065208,30,-0.9910951301397235,45,-0.9928857415174053,26,-0.9910970618252515,42,-0.9928857415174053,26
hailfinder.bif,10000,-0.8906562977946183,144,-0.8966764372201702,74,-0.9001872248284702,21,-0.9013942503614336,56,-0.9001831741858519,21,-0.9013272847303427,56,-0.8897270089275465,77,-0.8939741177229331,52,-0.889845837490275,79,-0.8951340294299726,48
hailfinder.bif,10000,-0.8686982017796461,792,-0.8514310937020049,24,-0.8105349069776665,35,-0.8411359095764644,60,-0.8105354881865804,35,-0.8411359095764644,60,-0.811719819004278,53,-0.8230871014047553,52,-0.8117193787629315,53,-0.8230871014047553,52
hailfinder.bif,10000,-0.7753152225276658,192,-0.7753152225276658,192,-0.8417001126958866,37,-0.7825112776872979,153,-0.8416967742457333,37,-0.7825112776872979,153,-0.7755155206508471,157,-0.7812054696388114,93,-0.7755159388703688,156,-0.7812054696388114,93
hailfinder.bif,10000,-0.5173774555640261,96,-0.5196814684360118,66,-0.5423882875521324,20,-0.5196487084241018,60,-0.5423895686075464,19,-0.5196487084241018,60,-0.5191055079226508,72,-0.5228119488753858,44,-0.5191053205610331,72,-0.5228119488753858,44
hailfinder.bif,10000,-0.7567384483714138,72,-0.7595530041764882,54,-0.776922312522593,18,-0.7596561623047526,50,-0.7769203358009941,15,-0.7596561623047526,50,-0.7555191316240097,63,-0.7588444167862393,42,-0.7555191386445315,63,-0.7588444167862393,42
hailfinder.bif,10000,-0.9927024845929163,216,-0.9990958452458896,32,-0.9916931423889509,21,-0.9949319963250802,48,-0.9916936103074382,19,-0.9949319963250802,48,-0.9880933850268091,47,-0.9938681392958053,18,-0.988093881945606,44,-0.9938681392958053,18
hailfinder.bif,10000,-0.8916350252013621,144,-0.8944828952071352,84,-0.9008314581245606,23,-0.8994247956332556,66,-0.9008126345416331,23,-0.8995234175691615,60,-0.8924000744838162,69,-0.8946537203714161,44,-0.8924247331391063,73,-0.8959106307021639,44
hailfinder.bif,10000,-0.8546406721335268,792,-0.8437662599250533,44,-0.8103991285393731,37,-0.8347816615137724,60,-0.8103983436844808,38,-0.8347816615137724,60,-0.8110550969382664,55,-0.8188962274632267,32,-0.8110549906583902,55,-0.8188962274632267,32
hailfinder.bif,10000,-0.7766738875499191,192,-0.7766738875499191,192,-0.842383727154532,37,-0.7823477522831803,147,-0.842382553704804,37,-0.7823477522831803,147,-0.7769524830740234,152,-0.7810254813296933,90,-0.77695233378089,151,-0.7810254813296933,90
hailfinder.bif,10000,-0.5175684373053052,96,-0.5215443111122735,60,-0.543943439551568,20,-0.5237060492360958,56,-0.5439478464221239,17,-0.5237060492360958,56,-0.5204611437513784,69,-0.5217685002959048,42,-0.5204614568139877,69,-0.5217685002959048,42
hailfinder.bif,10000,-0.7535286569281918,72,-0.7579788652297375,48,-0.7765465781367641,15,-0.7559093026567424,50,-0.7765422109235002,17,-0.7559093026567424,50,-0.7533371874484547,64,-0.7566908411049652,38,-0.7533371992003535,62,-0.7566908411049652,38
hailfinder.bif,10000,-0.9972516901849238,216,-0.9982333400316594,36,-0.9918244007504778,19,-0.9967108681776439,32,-0.9918259335109647,22,-0.9967108681776439,32,-0.9894307292107376,50,-0.992326433740888,32,-0.9894307101100982,50,-0.992326433740888,32
hailfinder.bif,10000,-0.8912585793297171,144,-0.9088265014039056,44,-0.900402554656545,21,-0.9051456049484164,56,-0.9004036226592314,25,-0.90515409377158,50,-0.8923964046410457,72,-0.8984781199759205,48,-0.8924117984944755,72,-0.8973135064130647,48
hailfinder.bif,10000,-0.8731205621015934,792,-0.8429955184916827,60,-0.8103715681026578,35,-0.8373658075747112,56,-0.8103714847736041,35,-0.8373658075747112,56,-0.810424113591388,81,-0.8189287702432884,32,-0.810424259984169,81,-0.8189287702432884,32
hepar2.bif,500,-0.8578139980138134,216,-0.803163298661483,15,-0.8061951040208669,16,-0.803163298661483,15,-0.8061921667112248,16,-0.803163298661483,15,-0.8040516979492691,21,-0.8037642862168188,12,-0.8040482182275684,20,-0.8037642862168188,12
hepar2.bif,500,-1.0099148095621022,72,-1.0025170660410403,20,-0.9820972543738291,12,-1.0046917022970168,14,-0.9820971088139566,12,-1.0046917022970168,14,-0.980454380823752,10,-0.9889770633074306,12,-0.9804539566686995,10,-0.9889770633074306,12
hepar2.bif,500,-0.4899252949305675,72,-0.46985778576591475,12,-0.4713524741702966,9,-0.4762329264327297,12,-0.47134756619674656,9,-0.4762329264327297,12,-0.47135262722501947,9,-0.4762329264327297,12,-0.47134759993792,9,-0.4762329264327297,12
hepar2.bif,500,-1.2426907809632237,216,-1.1945767975614145,15,-1.1856708410988128,19,-1.1908002922720065,12,-1.1856707362329053,19,-1.1908002922720065,12,-1.1856704607857278,19,-1.1908002922720065,12,-1.185670803370177,19,-1.1908002922720065,12
hepar2.bif,500,-1.1170011797132002,216,-1.1088394471986103,9,-1.094777629664111,16,-1.1089267562121081,6,-1.0947776809997907,16,-1.1089267562121081,6,-1.094777655692253,16,-1.1089267562121081,6,-1.0947776386673085,16,-1.1089267562121081,6
hepar2.bif,500,-1.0874718174711102,288,-1.0459187605538887,18,-1.0459822854787775,21,-1.0476684315944151,15,-1.0459794966034133,21,-1.0476684315944151,15,-1.0450837108528286,25,-1.0368601569130687,9,-1.0450843231167366,25,-1.0368601569130687,9
hepar2.bif,500,-0.863764512494997,216,-0.7941393732679362,18,-0.8164565508483144,17,-0.8078716596092584,24,-0.8101734339681902,21,-0.8014443567962058,21,-0.8188106932741599,28,-0.8265352453937265,21,-0.8187172352604719,30,-0.8265352453937265,21
hepar2.bif,500,-1.001880650422795,72,-0.9859534327722717,14,-0.9778986200757356,10,-0.9792593395604967,8,-0.9779023208296181,10,-0.9792593395604967,8,-0.9760515148096419,9,-0.9782167575891328,6,-0.9760530864682969,9,-0.9782167575891328,6
hepar2.bif,500,-0.4685185188934702,72,-0.45980911040782496,6,-0.4569350045600726,9,-0.45823802329192775,6,-0.4569325411769795,9,-0.45823802329192775,6,-0.4571963999158519,9,-0.45823802329192775,6,-0.4571963709527372,9,-0.45823802329192775,6
hepar2.bif,500,-1.2405726135411335,216,-1.192522489647722,18,-1.1828407520565978,20,-1.1885366066094059,15,-1.1828405109876923,20,-1.1885366066094059,15,-1.2126452509879628,17,-1.1956919322390855,6,-1.21266570409843,16,-1.1956919322390855,6
hepar2.bif,500,-1.1398458803364435,216,-1.1080948169190812,15,-1.09974415296124,18,-1.1120375590868934,9,-1.0997440919509431,18,-1.1120375590868934,9,-1.0997436026867686,19,-1.1120375590868934,9,-1.099743952809848,18,-1.1120375590868934,9
hepar2.bif,500,-1.1168602183338716,288,-1.0606736536692885,6,-1.0588301038420938,24,-1.0663619578216608,9,-1.058830702781421,25,-1.0663619578216608,9,-1.062052209748309,25,-1.064570158617932,6,-1.0620519543575273,25,-1.064570158617932,6
hepar2.bif,500,-0.8309792167949168,216,-0.7967228790874233,9,-0.8045877967439644,21,-0.7927197207499952,15,-0.8045878089126147,21,-0.7927197207499952,15,-0.8035061066217769,22,-0.7931958708887182,12,-0.8035062054228521,22,-0.7931958708887182,12
hepar2.bif,500,-1.000014743148524,72,-0.9937466426882127,8,-0.9933304661206872,12,-0.9948757762623108,10,-0.9933306202342175,12,-0.9948757762623108,10,-0.9911085672927217,13,-0.9898008912810848,6,-0.9911082285352982,13,-0.9898008912810848,6
hepar2.bif,500,-0.4721995933557213,72,-0.4580424748203659,8,-0.45831200834605035,10,-0.45577592279151313,6,-0.4583119231905451,10,-0.45577592279151313,6,-0.458312011070657,10,-0.45577592279151313,6,-0.4583120437606427,10,-0.45577592279151313,6
hepar2.bif,500,-1.2316389805180081,216,-1.1773476811093477,9,-1.177375702103966,24,-1.1749132999657328,12,-1.183327109604565,24,-1.1872457203440088,15,-1.1881794783261135,20,-1.1877114306035104,12,-1.191308355479205,28,-1.1877114306035104,12
hepar2.bif,500,-1.1511029836589508,216,-1.110120098679051,9,-1.1097370103548256,12,-1.1108245769235106,12,-1.1097370095438983,12,-1.1108245769235106,12,-1.1092181648769894,18,-1.1061851306289068,12,-1.1092180838760837,18,-1.1061851306289068,12
hepar2.bif,500,-1.108787118554535,288,-1.0542963206275935,6,-1.0469583853577182,20,-1.0542963206275935,6,-1.0469583469179626,20,-1.0542963206275935,6,-1.0489280806265586,19,-1.0586987606239695,6,-1.0489279962367843,19,-1.0586987606239695,6
hepar2.bif,500,-0.8364520872612217,216,-0.8004252310249803,27,-0.8111967567264192,21,-0.7934099493365622,21,-0.8076309348583348,26,-0.8010732376839457,24,-0.8018432849697651,31,-0.8086232000883047,24,-0.8030907354748282,30,-0.8086232000883047,24
hepar2.bif,500,-0.9889128617070302,72,-0.981183325511781,12,-0.9778288509651702,10,-0.9786704191033964,8,-0.9794697030997329,11,-0.9786704191033964,8,-0.9811323599483223,10,-0.9746279367884523,6,-0.9806261307367047,12,-0.9779917900967213,8
hepar2.bif,500,-0.4839877566983489,72,-0.4650579892630212,6,-0.46002615975697153,12,-0.46278327292601806,8,-0.46002593903987965,12,-0.46278327292601806,8,-0.46002337053045084,12,-0.46278327292601806,8,-0.4600263520540813,12,-0.46278327292601806,8
hepar2.bif,500,-1.248354492015334,216,-1.1987385956317596,15,-1.1806170269553284,27,-1.2156757762908867,15,-1.1806171071802503,27,-1.2156757762908867,15,-1.1806177447149784,27,-1.2156757762908867,15,-1.1806172190220234,27,-1.2156757762908867,15
hepar2.bif,500,-1.1410968741560503,216,-1.119251036174272,18,-1.108151837298783,23,-1.1202337375965081,15,-1.1081517576854232,23,-1.1202337375965081,15,-1.1081519304772216,23,-1.1202337375965081,15,-1.1081516115739016,23,-1.1202337375965081,15
hepar2.bif,500,-1.1507443014670615,288,-1.044289653996344,9,-1.059605201990413,24,-1.044289653996344,9,-1.0596148229887652,25,-1.044289653996344,9,-1.0644778064637652,30,-1.0576307528682372,12,-1.064482089729954,30,-1.0576307528682372,12
hepar2.bif,500,-0.8365172208319244,216,-0.7978600865822222,12,-0.8101818523750238,21,-0.7978600865822222,12,-0.8064842700328125,19,-0.8032296878423004,12,-0.8063143317203039,20,-0.8162103660537582,21,-0.8059147441030059,21,-0.8162103660537582,21
hepar2.bif,500,-0.9846115091758322,72,-0.9724967966576751,14,-0.9714493373440353,10,-0.9711617494020498,10,-0.9714495050634232,10,-0.9711617494020498,10,-0.9677053887704644,11,-0.9719152924152052,6,-0.9677052729875973,11,-0.9719152924152052,6
hepar2.bif,500,-0.4658910345574656,72,-0.45931755878518427,6,-0.4569175503861101,9,-0.4561316509487674,6,-0.4569172072289509,9,-0.4561316509487674,6,-0.4569175072717101,9,-0.4561316509487674,6,-0.4569174737076525,9,-0.4561316509487674,6
hepar2.bif,500,-1.209554896303822,216,-1.1856583634273912,3,-1.1724781997546214,21,-1.1826794154486588,6,-1.1724782757784638,21,-1.1826794154486588,6,-1.172478388334255,21,-1.1826794154486588,6,-1.1724782333447812,21,-1.1826794154486588,6
hepar2.bif,500,-1.1449834010535105,216,-1.1072363459562682,6,-1.0962703970173286,17,-1.107072459283689,9,-1.0962702741551538,17,-1.107072459283689,9,-1.0962703453833078,17,-1.107072459283689,9,-1.0962702699791809,17,-1.107072459283689,9
hepar2.bif,500,-1.1015448515421529,288,-1.0546777271768422,6,-1.0566972469707436,19,-1.0546777271768422,6,-1.0566981619944316,19,-1.0546777271768422,6,-1.0561454377847899,22,-1.0574724005181528,6,-1.0561491904310722,23,-1.0574724005181528,6
hepar2.bif,5000,-0.7824963571682738,216,-0.7775354360079955,24,-0.7908538869422025,27,-0.7762202352387794,39,-0.7908567582765395,28,-0.7762202352387794,39,-0.7739146507787149,67,-0.7770061582400095,30,-0.7739145829790789,67,-0.7770061582400095,30
hepar2.bif,5000,-0.9654552264030459,72,-0.9637469938347883,22,-0.9652117690289306,13,-0.9627345607784957,12,-0.9652117350654483,13,-0.9627345607784957,12,-0.9626468253193501,16,-0.9632336480883399,10,-0.9626468587519478,16,-0.9632336480883399,10
hepar2.bif,5000,-0.45357422338639536,72,-0.45323350433142334,22,-0.45098353003074343,12,-0.4502437866243504,10,-0.45098431048751936,12,-0.4502437866243504,10,-0.4491269369891884,17,-0.44889742076849926,14,-0.4491263978138408,17,-0.44889742076849926,14
hepar2.bif,5000,-1.1748639195729729,216,-1.1650884024261348,15,-1.1648574441887245,29,-1.1651424836308382,15,-1.1648592632279788,29,-1.1651424836308382,15,-1.165311887859197,38,-1.1645878444040683,12,-1.1653121904969959,39,-1.1645878444040683,12
hepar2.bif,5000,-1.0991567051156426,216,-1.0876459709314954,21,-1.0889158026225698,27,-1.0886541640178895,27,-1.0889158000300365,26,-1.0886541640178895,27,-1.0878916369791656,41,-1.0887581872344025,24,-1.0878916202440512,40,-1.0887581872344025,24
hepar2.bif,5000,-1.0440053248417345,288,-1.0356951132146877,21,-1.0375806555504243,29,-1.0347073154773456,24,-1.0375813353733767,29,-1.0347073154773456,24,-1.0306100308692039,61,-1.0308915644313121,15,-1.0306096614369369,59,-1.0308915644313121,15
hepar2.bif,5000,-0.786863942516696,216,-0.7775375242457027,24,-0.7914079904999529,25,-0.77885801129515,30,-0.7914089822964457,25,-0.77885801129515,30,-0.7789229933230594,74,-0.7798749062592214,24,-0.7789255038576506,73,-0.7798749062592214,24
hepar2.bif,5000,-0.9684592463214591,72,-0.9679769394817129,12,-0.9669147514171668,13,-0.9651014321716255,12,-0.9669093371457258,13,-0.9651014321716255,12,-0.9650088900908562,17,-0.9662120257271268,12,-0.9650088625735532,17,-0.9662120257271268,12
hepar2.bif,5000,-0.4544727105318725,72,-0.4523050941606468,16,-0.45246866032960886,11,-0.4512867077781563,12,-0.45246842883566324,11,-0.4512867077781563,12,-0.4512567525634367,16,-0.4513716973092839,12,-0.45125673383448583,16,-0.4513716973092839,12
hepar2.bif,5000,-1.1723162476866356,216,-1.1660667357801426,15,-1.1669245482580466,26,-1.1667864481108539,18,-1.166925244627476,26,-1.1667864481108539,18,-1.1674243319620328,30,-1.1673595331054265,15,-1.167424338889945,30,-1.1673595331054265,15
hepar2.bif,5000,-1.0955972790216086,216,-1.088822779023492,18,-1.0879613128208512,25,-1.0888573438166167,18,-1.0879662235620136,26,-1.0888573438166167,18,-1.087272827615502,37,-1.0886785378227848,12,-1.087272638659185,37,-1.0886785378227848,12
hepar2.bif,5000,-1.048644455210812,288,-1.0377252426722676,24,-1.039358987816301,25,-1.036483823034549,24,-1.0393590911379684,25,-1.036483823034549,24,-1.0367454393675533,53,-1.0422848270379454,27,-1.0367454969011782,52,-1.0422848270379454,27
hepar2.bif,5000,-0.7816298054723541,216,-0.7774323263561445,30,-0.7901667868275225,25,-0.774313480382326,33,-0.7901680780645637,25,-0.774313480382326,33,-0.775583019615864,72,-0.7749102723669871,27,-0.7755832481901836,75,-0.7749102723669871,27
hepar2.bif,5000,-0.967239676985416,72,-0.9649916434632821,16,-0.9664923983647626,12,-0.9652431772810267,14,-0.9664924030236325,12,-0.9652431772810267,14,-0.964553234336765,19,-0.9653357575319377,6,-0.964553234212862,19,-0.9653357575319377,6
hepar2.bif,5000,-0.4533708119215995,72,-0.45046223371548283,16,-0.4532525753686223,13,-0.44966134794942675,12,-0.4532525544764181,13,-0.44966134794942675,12,-0.45129090932901755,17,-0.4497074419834823,8,-0.45129088722073163,17,-0.4497074419834823,8
hepar2.bif,5000,-1.175331287400371,216,-1.1651324245443337,15,-1.1650213719295406,28,-1.1675328488147216,24,-1.1650246657444254,28,-1.1675328488147216,24,-1.164526655393481,44,-1.1656679477049068,15,-1.1645266767925915,44,-1.1656679477049068,15
hepar2.bif,5000,-1.1005095054810927,216,-1.0888568760164745,18,-1.0886976154751418,27,-1.089039815577565,24,-1.0886976059975508,27,-1.089039815577565,24,-1.087443431500412,33,-1.0910168258719486,18,-1.0874434614484987,33,-1.0910168258719486,18
hepar2.bif,5000,-1.0490584609031037,288,-1.0373878461454433,21,-1.036429226079133,29,-1.036340369113698,18,-1.0364286816052348,29,-1.036340369113698,18,-1.0307103632390346,54,-1.033226582751849,15,-1.0307102857240298,54,-1.033226582751849,15
hepar2.bif,5000,-0.7843094088227807,216,-0.7769599310370116,27,-0.7904439558110802,27,-0.7757268926177082,36,-0.7904438324526342,27,-0.7757268926177082,36,-0.7757822990153194,76,-0.7759382635986406,18,-0.7757823157176186,76,-0.7759382635986406,18
hepar2.bif,5000,-0.967672517855224,72,-0.9649489334836484,18,-0.9665770834920637,12,-0.9642884874922892,12,-0.9665782361943107,15,-0.9642884874922892,12,-0.9649267420062387,18,-0.9642932302922692,10,-0.9649266974284244,18,-0.9642932302922692,10
hepar2.bif,5000,-0.4555202806518709,72,-0.45177996594587533,16,-0.45324642986882363,13,-0.45127244528252825,14,-0.4532450886012608,13,-0.45127244528252825,14,-0.4521737941867656,17,-0.45163698026938426,14,-0.4521737358031982,17,-0.45163698026938426,14
hepar2.bif,5000,-1.1706931810848638,216,-1.1642843576706283,15,-1.1646588531130457,27,-1.16417882893629,15,-1.1646583830507737,27,-1.16417882893629,15,-1.1656333407224535,45,-1.1668881596536103,15,-1.1656333971180022,45,-1.1668881596536103,15
hepar2.bif,5000,-1.0980261817119774,216,-1.0885172212409786,24,-1.0886692176854715,27,-1.0882166102132922,21,-1.0886692375913607,26,-1.0882166102132922,21,-1.0873974238720638,40,-1.0879509932175897,24,-1.0873975007137044,40,-1.0879509932175897,24
hepar2.bif,5000,-1.0475464931855454,288,-1.0369797276572579,30,-1.0373850368979174,27,-1.0367078968401304,36,-1.0373832220711563,27,-1.0367078968401304,36,-1.0320699307481938,56,-1.031548942448314,24,-1.032069927484156,56,-1.031548942448314,24
hepar2.bif,5000,-0.7822016377055094,216,-0.7773795965436882,36,-0.7900601563309313,29,-0.7732862667936918,33,-0.7900634198613712,29,-0.7732862667936918,33,-0.7742505296050052,67,-0.7782311142028686,33,-0.7742506069783002,67,-0.7782311142028686,33
hepar2.bif,5000,-0.9664177353015367,72,-0.9641861053356526,18,-0.9677361976897347,13,-0.9640822019696111,12,-0.9677367841020484,13,-0.9640822019696111,12,-0.9645774098390594,20,-0.9645167156039947,10,-0.9645773602610876,20,-0.9645167156039947,10
hepar2.bif,5000,-0.45293439156055965,72,-0.4499036405595357,20,-0.4513316281033806,13,-0.4488125210486389,10,-0.45133171075293405,13,-0.4488125210486389,10,-0.4511890896765158,18,-0.44904696315671944,12,-0.451189133272212,17,-0.44904696315671944,12
hepar2.bif,5000,-1.1732752976455763,216,-1.164795586136419,21,-1.164905170197651,26,-1.1645732953653025,18,-1.1649051502751318,26,-1.1645732953653025,18,-1.1641722091468871,37,-1.165145877683354,18,-1.1641722201119582,37,-1.165145877683354,18
hepar2.bif,5000,-1.0929405473168705,216,-1.0878662989763086,15,-1.0880103202167364,20,-1.0887043209855511,18,-1.0880103228369102,20,-1.0887043209855511,18,-1.0869244789385992,34,-1.0894656731619818,12,-1.08692448074691,35,-1.0894656731619818,12
hepar2.bif,5000,-1.0511789987856817,288,-1.039988796145733,18,-1.0396814343279042,27,-1.039988796145733,18,-1.0396790501535953,27,-1.039988796145733,18,-1.0391492053366298,57,-1.0364439052924443,15,-1.0391486569258042,57,-1.0364439052924443,15
hepar2.bif,10000,-0.7808662702994585,216,-0.774669261287654,48,-0.7899755239025431,29,-0.7738315564295676,48,-0.7899746332438906,29,-0.7738315564295676,48,-0.7740636158277696,86,-0.7733926511930976,33,-0.7740636906658243,86,-0.7733926511930976,33
hepar2.bif,10000,-0.9649871728789318,72,-0.9630193734124382,22,-0.9657377486193991,18,-0.9632031615212325,18,-0.9657417469152592,13,-0.9632031615212325,18,-0.9627035969981367,20,-0.9623401518442514,10,-0.9627049429959137,22,-0.9623401518442514,10
hepar2.bif,10000,-0.45087236647252904,72,-0.4501411386271152,20,-0.4517869957498602,17,-0.4491544523590659,12,-0.45178537593915724,13,-0.4491544523590659,12,-0.450407070305061,19,-0.4488097840071975,14,-0.4504070914570243,19,-0.4488097840071975,14
hepar2.bif,10000,-1.1694467970542333,216,-1.1637041198715696,18,-1.163440734400486,27,-1.1634781587200054,15,-1.16343830016845,27,-1.1634781587200054,15,-1.1628600880309976,52,-1.162795947960155,21,-1.1628601129866736,55,-1.162795947960155,21
hepar2.bif,10000,-1.092068663908829,216,-1.0857885623333194,18,-1.0872402167290052,29,-1.0859543658692645,27,-1.0872412349930547,29,-1.0859543658692645,27,-1.085531519422033,51,-1.0863204946495626,18,-1.0855314672330936,50,-1.0863204946495626,18
hepar2.bif,10000,-1.0381095575313923,288,-1.0308969690063676,33,-1.0364603812102422,29,-1.030808029684608,33,-1.036461478289786,29,-1.030808029684608,33,-1.0295575944228792,79,-1.0281798114228018,27,-1.0295573713983013,78,-1.0281798114228018,27
hepar2.bif,10000,-0.7781778829883993,216,-0.7727091739488912,42,-0.7903480646550379,27,-0.773186414005176,39,-0.7903496942770368,27,-0.773186414005176,39,-0.7719012018426415,90,-0.7728929555128139,36,-0.771901241188594,90,-0.7728929555128139,36
hepar2.bif,10000,-0.9662443366156175,72,-0.9652284994579708,16,-0.9669094016929335,12,-0.9641116972555485,16,-0.9669093777078491,12,-0.9641116972555485,16,-0.9646006359034854,18,-0.9638353942818434,12,-0.9646006288612818,18,-0.9638353942818434,12
hepar2.bif,10000,-0.45127128143210976,72,-0.4498368342644726,22,-0.45169805959322984,12,-0.4492110296089335,12,-0.4516994862922116,13,-0.4492110296089335,12,-0.4497264570864856,20,-0.44933041163142096,12,-0.44972645896830615,20,-0.44933041163142096,12
hepar2.bif,10000,-1.1668694675037483,216,-1.1649413860592677,15,-1.1647553279083127,29,-1.164449200860855,21,-1.1647518587857888,29,-1.164449200860855,21,-1.1638415745808464,52,-1.1643505983383255,18,-1.1638415879145851,51,-1.1643505983383255,18
hepar2.bif,10000,-1.091211053659893,216,-1.088241517074895,21,-1.0878549209526203,27,-1.0890122820527126,24,-1.0878548607600107,28,-1.0890122820527126,24,-1.0858992381679244,42,-1.0865135634947467,15,-1.0858992796382863,43,-1.0865135634947467,15
hepar2.bif,10000,-1.0360587054921155,288,-1.0302614175979108,36,-1.0371184387052266,29,-1.0322864313197095,33,-1.037118794077854,29,-1.0322864313197095,33,-1.0297455775545554,75,-1.0311524858843868,24,-1.029745579715291,75,-1.0311524858843868,24
hepar2.bif,10000,-0.7785746442891532,216,-0.7730944855372524,48,-0.7899130332812356,29,-0.7725008329969176,45,-0.7899185214714763,29,-0.7725008329969176,45,-0.7713081048187563,94,-0.7718006580772713,39,-0.7713080037323643,95,-0.7718006580772713,39
hepar2.bif,10000,-0.9626430510337981,72,-0.963071610653326,14,-0.9653239531008576,15,-0.9623837864744128,12,-0.965328757992409,13,-0.9623837864744128,12,-0.9623381688743211,17,-0.9628960485218632,10,-0.9623381819140541,17,-0.9628960485218632,10
hepar2.bif,10000,-0.4491558997970612,72,-0.4486509498346214,22,-0.4509343985562272,13,-0.4483734304550796,14,-0.4509337764495127,13,-0.4483734304550796,14,-0.44848474012240747,23,-0.44912859596364696,14,-0.4484846721334827,23,-0.44912859596364696,14
hepar2.bif,10000,-1.1677758527826234,216,-1.1638930873341184,15,-1.164551348228736,29,-1.1646169351457785,18,-1.1645522583330576,29,-1.1646169351457785,18,-1.1638737912311994,46,-1.1651867864718435,18,-1.1638738211289799,47,-1.1651867864718435,18
hepar2.bif,10000,-1.0910179547964425,216,-1.0865779503040167,18,-1.0881805528333701,27,-1.0868854771724772,18,-1.0881810712985185,28,-1.0868854771724772,18,-1.086618885503481,44,-1.087088838542655,18,-1.0866188855097436,44,-1.087088838542655,18
hepar2.bif,10000,-1.041514364283695,288,-1.0318186735245345,39,-1.0367183912255211,29,-1.0319796626537203,36,-1.036718898784272,29,-1.0319796626537203,36,-1.030849585917726,88,-1.0291042995153552,30,-1.0308495852073496,89,-1.0291042995153552,30
hepar2.bif,10000,-0.7790369364675865,216,-0.7743732265689773,39,-0.789302415395923,29,-0.7728227489005745,39,-0.789302608680712,29,-0.7728227489005745,39,-0.7727351235591573,90,-0.7723977318067655,33,-0.7727352592165776,90,-0.7723977318067655,33
hepar2.bif,10000,-0.9631167075710931,72,-0.9631946203279705,16,-0.9657355899477552,13,-0.9625813287649405,12,-0.9657356147268623,13,-0.9625813287649405,12,-0.9627085607563568,19,-0.9629673967835545,12,-0.9627085717414604,19,-0.9629673967835545,12
hepar2.bif,10000,-0.4499873151622239,72,-0.44938197868893437,20,-0.4507082844283499,13,-0.44940665620422177,16,-0.45070844862380544,13,-0.44940665620422177,16,-0.4482166784087798,22,-0.4493692604050083,16,-0.4482166534716998,22,-0.4493692604050083,16
hepar2.bif,10000,-1.1686191538117459,216,-1.1635280167759803,18,-1.1635980033204036,29,-1.1637256299625094,21,-1.1635937518596435,29,-1.1637256299625094,21,-1.1632131064926825,48,-1.162733576039935,18,-1.1632131396947878,47,-1.162733576039935,18
hepar2.bif,10000,-1.088617659484717,216,-1.0874181324313188,15,-1.0875411669923543,29,-1.085727927438371,24,-1.087541069768699,29,-1.085727927438371,24,-1.085196970765362,46,-1.0860829542274917,18,-1.0851968854312,45,-1.0860829542274917,18
hepar2.bif,10000,-1.0373603627878805,288,-1.0317539618120681,33,-1.036133119954247,29,-1.0310052516142734,33,-1.0361360291578385,29,-1.0310052516142734,33,-1.030075645691564,64,-1.0310810973117133,30,-1.0300755379829045,63,-1.0310810973117133,30
hepar2.bif,10000,-0.7738925799814749,216,-0.7733586312988248,42,-0.7887106747046371,27,-0.7731019060924734,39,-0.7887092652334015,27,-0.7731019060924734,39,-0.7699856480005145,86,-0.7730225678184377,33,-0.7699856601336381,86,-0.7730225678184377,33
hepar2.bif,10000,-0.9635518030382453,72,-0.9625710423307566,14,-0.9649203227116719,12,-0.9624609458510609,16,-0.9649202940440864,12,-0.9624609458510609,16,-0.9624157634976782,20,-0.9629585504323022,14,-0.9624157543716044,20,-0.9629585504323022,14
hepar2.bif,10000,-0.4501713010754561,72,-0.4491751312759581,22,-0.4505834891893896,13,-0.44858974751421854,12,-0.4505833789567831,13,-0.44858974751421854,12,-0.4479958306289156,19,-0.44905302143874753,16,-0.4479960648512654,19,-0.44905302143874753,16
hepar2.bif,10000,-1.1701090763197175,216,-1.1650763096509482,24,-1.1640098437625241,29,-1.1647444150439166,21,-1.1640099996213513,29,-1.1647444150439166,21,-1.1624187389124838,47,-1.1630792792729754,24,-1.1624187331509659,47,-1.1630792792729754,24
hepar2.bif,10000,-1.0959221607346683,216,-1.0864896328990936,21,-1.0882807554769307,29,-1.0875475522858833,18,-1.088280119808464,29,-1.0875475522858833,18,-1.0876846347712934,45,-1.0879787543428054,18,-1.0876839793512143,45,-1.0879787543428054,18
hepar2.bif,10000,-1.0400898344592764,288,-1.0316593750791938,36,-1.0364075675545341,27,-1.0327349820299558,33,-1.036409078454699,28,-1.0327349820299558,33,-1.0294183955288372,78,-1.0313774281742984,21,-1.0294184407621374,77,-1.0313774281742984,21
insurance.bif,500,-0.6417198605385795,72,-0.6207979870289633,9,-0.6134481329972482,18,-0.6205462837245133,12,-0.6134480324555607,19,-0.6205462837245133,12,-0.6230818328983738,25,-0.6111750969063404,12,-0.6230847412381155,25,-0.6111750969063404,12
insurance.bif,500,-0.6250234513945159,160,-0.6730360326698381,36,-0.6121056461058723,22,-0.6627652260269968,32,-0.6120930159360736,21,-0.6627652260269968,32,-0.6059977393649214,49,-0.6605409029978149,32,-0.6059965117980867,50,-0.6605409029978149,32
insurance.bif,500,-0.26659160859939807,144,-0.25248133605429396,18,-0.20022282834692204,16,-0.23298299635588696,15,-0.2002237501354263,16,-0.23298299635588696,15,-0.21636661598492843,20,-0.23948617841530348,18,-0.2163758523715356,20,-0.23948617841530348,18
insurance.bif,500,-0.639050286618463,72,-0.6250106324346313,12,-0.6171615678465879,21,-0.6245343690235763,12,-0.6171616833660862,21,-0.6245343690235763,12,-0.6171384799572014,21,-0.6220322254076022,15,-0.6171378706114671,21,-0.6220322254076022,15
insurance.bif,500,-0.656005466413611,160,-0.6748374537115368,36,-0.6096500053688781,24,-0.7010829595454212,32,-0.6096501707042781,24,-0.7010829595454212,32,-0.6008801669748269,50,-0.6677560173970701,36,-0.6008809529737751,50,-0.6677560173970701,36
insurance.bif,500,-0.2443135855791758,144,-0.2097800335012744,30,-0.21130623571939164,16,-0.23360109101289708,21,-0.21511528511970782,17,-0.23360109101289708,21,-0.2287314596612047,16,-0.22287649393154066,15,-0.23174229357853524,17,-0.22287649393154066,15
insurance.bif,500,-0.6336757809456972,72,-0.6259723063777812,9,-0.6061538699171372,18,-0.6288036137053211,15,-0.6061537650202597,19,-0.6288036137053211,15,-0.6160351280040254,25,-0.6169593980506984,18,-0.6160347494083072,25,-0.6169593980506984,18
insurance.bif,500,-0.2649686675530088,144,-0.2254781522653498,21,-0.20453887154675135,13,-0.22767275180826055,18,-0.21122435758930883,18,-0.22794320088339445,21,-0.21000097656173183,18,-0.23462925203354038,15,-0.21844906327011945,18,-0.22879819244352884,15
insurance.bif,500,-0.6262814461401791,72,-0.6229659005853049,12,-0.6074011567339038,18,-0.6253091943468335,15,-0.6073999171182488,18,-0.6253091943468335,15,-0.6097882545713286,22,-0.6137428668392415,18,-0.6097883558276146,22,-0.6137428668392415,18
insurance.bif,500,-0.6317788121479365,160,-0.6299017662553023,48,-0.6221787500350937,21,-0.6727244651663197,28,-0.6221797712852327,21,-0.6727244651663197,28,-0.6155246043165096,49,-0.6596200279237507,36,-0.6155249448370869,49,-0.6596200279237507,36
insurance.bif,500,-0.2813658066235111,144,-0.23513694627401965,27,-0.21395564402718406,21,-0.2506382725658374,18,-0.23116165050574208,23,-0.2652495671465454,18,-0.2264869045297372,29,-0.23515163176660336,21,-0.24338657712672693,24,-0.24537360551310103,21
insurance.bif,500,-0.6579055920953679,72,-0.6287843199110421,12,-0.6173603425065061,20,-0.6291590312546951,15,-0.6173606987841777,20,-0.6291590312546951,15,-0.6242370790777688,29,-0.6408601654391256,18,-0.6242359514077985,30,-0.6408601654391256,18
insurance.bif,500,-0.06830270808781207,120,-0.07189121306150117,39,-0.06598970655214037,13,-0.10182298692020944,24,-0.0642484372089209,14,-0.10149859122348995,24,-0.061811288248841995,14,-0.0805047767227684,18,-0.06189719856125026,14,-0.0805047767227684,18
insurance.bif,500,-0.6157410427862697,160,-0.6194244422483807,48,-0.6053779781251073,22,-0.637469204640656,40,-0.6053771079739477,22,-0.637469204640656,40,-0.5984045060896277,51,-0.6475738314309428,36,-0.5984073956634433,51,-0.6475738314309428,36
insurance.bif,500,-0.24059499713263366,144,-0.2331418266769846,12,-0.19738111248386422,20,-0.22580252006770302,21,-0.1973759120574635,19,-0.22580252006770302,21,-0.20009039598769113,22,-0.21486761650098268,18,-0.2000933163340731,22,-0.21486761650098268,18
insurance.bif,500,-0.6468896570890463,72,-0.6297270587466497,9,-0.620713115450265,19,-0.6319589737447382,15,-0.6207130971754232,19,-0.6319589737447382,15,-0.6216172648240357,24,-0.6318083157730909,21,-0.6216191829312375,24,-0.6318083157730909,21
insurance.bif,500,-0.672889637482583,160,-0.6451343503883629,44,-0.6469580042331378,23,-0.685719747770895,36,-0.6469915888256829,23,-0.685719747770895,36,-0.6515160068128,40,-0.6774569463340054,32,-0.6515003302935982,40,-0.6774569463340054,32
insurance.bif,500,-0.26651073080677873,144,-0.23626327821709278,21,-0.20400368969549762,17,-0.22965449773116456,21,-0.2096462930779679,20,-0.22965449773116456,21,-0.22019869088964847,20,-0.2293926352317626,12,-0.22302571145664943,21,-0.2293926352317626,12
insurance.bif,500,-0.6621013531300857,72,-0.6368818245179783,12,-0.6168922807963987,23,-0.6414483656794694,18,-0.616892252890276,23,-0.6414483656794694,18,-0.6195075239333613,29,-0.6451511454175833,18,-0.6195084743660538,29,-0.6451511454175833,18
insurance.bif,500,-0.6298260501167428,160,-0.67957473199675,48,-0.6042404283206031,24,-0.6649213700838567,40,-0.6042426246600446,24,-0.6649213700838567,40,-0.607096540269939,51,-0.6472292564002143,36,-0.6070960881036097,51,-0.6472292564002143,36
insurance.bif,500,-0.23647760473338614,144,-0.2084882887384586,30,-0.1979793130713586,20,-0.21596838919668115,27,-0.19797997358261915,20,-0.21596838919668115,27,-0.20461591526967446,21,-0.21244360841252352,15,-0.20461604975238054,21,-0.21244360841252352,15
insurance.bif,500,-0.6272720792878295,72,-0.6220676848960296,9,-0.6008624602338338,20,-0.6254637166731234,12,-0.6008629636005125,20,-0.6254637166731234,12,-0.6065437572764436,32,-0.6148503642540522,15,-0.606542732608933,31,-0.6148503642540522,15
insurance.bif,500,-0.6479484392113293,160,-0.6831270882397994,36,-0.6269175939466006,23,-0.6532515859030901,36,-0.6269118953196756,23,-0.6532515859030901,36,-0.6344752927706456,56,-0.6990833203267225,28,-0.6344523254615874,56,-0.6990833203267225,28
insurance.bif,500,-0.24040160489806098,144,-0.21379395535730278,30,-0.21167490318283694,17,-0.2145101674099853,21,-0.2155087880855963,20,-0.2145101674099853,21,-0.2216578895259719,16,-0.21176882605797914,12,-0.2218968693967277,16,-0.21176882605797914,12
insurance.bif,5000,-0.5937705175634768,72,-0.5937651764152663,24,-0.5926861993222604,25,-0.5958076564969986,24,-0.5926848841421962,25,-0.5958076564969986,24,-0.5932784020108532,55,-0.5951612416011398,27,-0.5932785282374882,54,-0.5951612416011398,27
insurance.bif,5000,-0.05351531882001161,120,-0.053732036819062204,42,-0.05334033664795468,18,-0.054657508244017425,33,-0.053339945486346504,18,-0.054657508244017425,33,-0.05292345902137483,34,-0.05452887993172475,24,-0.05292367029014797,34,-0.05452887993172475,24
insurance.bif,5000,-0.5669447989023871,160,-0.5649978251479936,72,-0.5869058187773787,28,-0.5680262468343803,68,-0.5869056554922428,28,-0.5680262468343803,68,-0.565478483947751,80,-0.5764664399939851,60,-0.5654794083845878,77,-0.5764664399939851,60
insurance.bif,5000,-0.19340773016796994,144,-0.19320451690523613,36,-0.18981871897093502,23,-0.1920201479308483,36,-0.18981879592457376,23,-0.1920201479308483,36,-0.19155974722486677,66,-0.1959211344449921,30,-0.1915596323534341,63,-0.1959211344449921,30
insurance.bif,5000,-0.5941844449437138,72,-0.5969647903831182,24,-0.5919893514395922,25,-0.5975250809958496,30,-0.591986799848497,25,-0.5975250809958496,30,-0.5926223271356627,56,-0.5926046040765648,30,-0.5926223554803506,56,-0.5926046040765648,30
insurance.bif,5000,-0.05392122875565138,120,-0.05528850189288062,39,-0.05294613464604834,15,-0.057765726702369395,30,-0.052954950502273404,15,-0.057765726702369395,30,-0.056470016348702474,29,-0.05619806218479903,21,-0.05647943197016783,29,-0.05619806218479903,21
insurance.bif,5000,-0.5668969743342355,160,-0.5640186509089951,72,-0.5866046748792273,27,-0.5657186145134264,72,-0.5866046775268476,27,-0.5657186145134264,72,-0.5654031234572645,83,-0.5675618840105325,64,-0.5654055744575065,85,-0.5675618840105325,64
insurance.bif,5000,-0.19165286969860176,144,-0.1912338301014479,30,-0.18957434832549425,22,-0.18916616628307764,33,-0.18957451248182067,22,-0.18916616628307764,33,-0.1888374058659452,54,-0.19447309198828122,30,-0.1888373839406592,54,-0.19447309198828122,30
insurance.bif,5000,-0.5932922753512108,72,-0.5924568066437705,27,-0.5922922476000142,23,-0.5952491314778403,24,-0.5922911859647465,23,-0.5952491314778403,24,-0.5914659680108545,60,-0.5959223794532688,24,-0.591465964262182,60,-0.5959223794532688,24
insurance.bif,5000,-0.05391849841148927,120,-0.060557910053750184,39,-0.05497466562329378,15,-0.06223138115015654,33,-0.05497010054692567,15,-0.06223138115015654,33,-0.05292348865504404,25,-0.05572971379084708,24,-0.05292293512147937,25,-0.05572971379084708,24
insurance.bif,5000,-0.567153845278794,160,-0.5655299076412706,72,-0.5865373041567536,29,-0.5682111765617656,72,-0.5865374001159837,29,-0.5682111765617656,72,-0.5655715933193777,77,-0.5693017350780245,68,-0.5655720276155036,77,-0.5693017350780245,68
insurance.bif,5000,-0.19487997248944597,144,-0.19126364768356105,30,-0.18700105274017015,24,-0.19202750746564023,33,-0.1870011181104482,24,-0.19202750746564023,33,-0.19174679053076102,59,-0.19684598763530942,27,-0.19176654579858673,59,-0.19684598763530942,27
insurance.bif,5000,-0.5955197931435765,72,-0.5932682262063979,24,-0.5916984834862206,24,-0.5934440643895057,27,-0.5916988844155036,25,-0.5934440643895057,27,-0.5932999243463776,45,-0.5972206567141352,30,-0.59329954767734,45,-0.5972206567141352,30
insurance.bif,5000,-0.05472536778553965,120,-0.055751823222894896,39,-0.05398016509857428,14,-0.05712086233518687,30,-0.05397949360544166,14,-0.05712086233518687,30,-0.054407720083474394,26,-0.0580241229026555,21,-0.05441596331701187,26,-0.0580241229026555,21
insurance.bif,5000,-0.5699544712438815,160,-0.5671508396852748,72,-0.587032702374431,29,-0.5690837103892525,76,-0.5870327517193706,29,-0.5690837103892525,76,-0.5670374263800604,80,-0.5737330043358676,64,-0.5670372557792898,80,-0.5737330043358676,64
insurance.bif,5000,-0.19514497336819164,144,-0.19397591451212198,30,-0.1907827133257585,24,-0.19197961267655234,33,-0.1907826746787909,24,-0.19197961267655234,33,-0.1920195584606081,65,-0.19301162386502158,27,-0.19201834417634323,65,-0.19301162386502158,27
insurance.bif,5000,-0.5957148119882987,72,-0.5946883010598072,24,-0.5931879698080689,25,-0.5958703141463336,27,-0.5931864540471619,25,-0.5958703141463336,27,-0.5945458728198636,59,-0.5971155798560308,21,-0.5945457560778352,59,-0.5971155798560308,21
insurance.bif,5000,-0.05278100745273306,120,-0.053603127087425595,42,-0.05279475834469649,16,-0.05581167850456412,30,-0.052795880217901985,16,-0.05581167850456412,30,-0.05317119686060448,30,-0.0557774252898314,21,-0.05317904636212217,30,-0.0557774252898314,21
insurance.bif,5000,-0.5673688467878983,160,-0.5657310278576748,72,-0.5865766503939931,27,-0.5681107188367545,68,-0.5865765877406258,27,-0.5681107188367545,68,-0.5655924583058606,82,-0.5769037005033381,64,-0.56559782210529,83,-0.5769037005033381,64
insurance.bif,5000,-0.1918623243180037,144,-0.19247832361237444,30,-0.18758052017825952,25,-0.19118401502197002,30,-0.18758049336765367,25,-0.19118401502197002,30,-0.18771742378064116,62,-0.19332978718678093,24,-0.18771766839442675,62,-0.19332978718678093,24
insurance.bif,5000,-0.5939296500279883,72,-0.5943990137900865,27,-0.5917988741526198,25,-0.5954811281566874,24,-0.5918020547904782,24,-0.5954811281566874,24,-0.5917652182872118,55,-0.5945731140470876,27,-0.5917652433963216,55,-0.5945731140470876,27
insurance.bif,5000,-0.053955887547862014,120,-0.05444561074753232,42,-0.05374394023503318,15,-0.05573248485418894,36,-0.05374395142615063,15,-0.05573248485418894,36,-0.053992212451955776,26,-0.054559420952783,24,-0.05398991792124014,26,-0.054559420952783,24
insurance.bif,5000,-0.56978903768726,160,-0.566047846070458,72,-0.5883042771449405,28,-0.5722720636644025,68,-0.5883045370995588,28,-0.5722720636644025,68,-0.5654439073057571,83,-0.5676010948022817,72,-0.5654426079623844,84,-0.5676010948022817,72
insurance.bif,5000,-0.19383703400088861,144,-0.1921161829413108,36,-0.1877865673735133,25,-0.18977000515177855,39,-0.1877866632307488,25,-0.18977000515177855,39,-0.18825852473279533,62,-0.19385080121668427,30,-0.18825836888027522,62,-0.19385080121668427,30
insurance.bif,5000,-0.5950015257701033,72,-0.5943507813550527,24,-0.5920930123212714,25,-0.5968422630526791,24,-0.5920922929745313,25,-0.5968422630526791,24,-0.5935658385082998,64,-0.5950009244501572,24,-0.5935659587832149,65,-0.5950009244501572,24
insurance.bif,5000,-0.05504783451561218,120,-0.05553811742019497,39,-0.055485627007800645,14,-0.05697139658152453,30,-0.05548739298497185,14,-0.05697139658152453,30,-0.054816482126333395,21,-0.05958645552938517,24,-0.054815536407201715,22,-0.05958645552938517,24
insurance.bif,5000,-0.5692920611068855,160,-0.567089029586222,72,-0.5889331269431456,26,-0.5700955367376104,68,-0.5889318887615205,26,-0.5700955367376104,68,-0.5670141709496254,83,-0.5812590291623762,52,-0.5670120484604666,83,-0.5812590291623762,52
insurance.bif,5000,-0.19479422172931202,144,-0.1921360876416797,30,-0.18736277113960328,20,-0.1937920976386246,30,-0.18736240673670876,20,-0.1937920976386246,30,-0.19050721008665789,59,-0.19401740275117546,27,-0.19050763163606288,59,-0.19401740275117546,27
insurance.bif,5000,-0.5962070677224095,72,-0.5940922378136003,27,-0.5915381397840918,25,-0.5960250535552641,27,-0.5915383472417752,25,-0.5960250535552641,27,-0.594504921465512,59,-0.5939266968242397,30,-0.5945061604800987,61,-0.5939266968242397,30
insurance.bif,5000,-0.053701489060174336,120,-0.0537606076021386,42,-0.05303742600727637,16,-0.056427622722417435,30,-0.052749466453911896,14,-0.05586772115804244,27,-0.053332246699706,27,-0.05617573764039522,24,-0.05336066285808053,23,-0.05617573764039522,24
insurance.bif,5000,-0.5715867785364028,160,-0.5694109670148582,72,-0.5884757022873672,26,-0.5747085024187512,68,-0.5884743101973825,26,-0.5747085024187512,68,-0.5707880965309563,78,-0.5809623060742118,60,-0.5707851179542631,78,-0.5809623060742118,60
insurance.bif,5000,-0.1887938647556237,144,-0.19065352931465854,30,-0.186647692463048,28,-0.189407540085208,33,-0.1866477120181853,28,-0.189407540085208,33,-0.18684472901042187,69,-0.19184361841830153,30,-0.18684480519613197,69,-0.19184361841830153,30
insurance.bif,10000,-0.5928789758811172,72,-0.5939218681226728,27,-0.5917015200892723,25,-0.5936894795424772,30,-0.5917007716991111,25,-0.5936894795424772,30,-0.5922671272209339,60,-0.592952732272025,36,-0.5922672350709893,60,-0.592952732272025,36
insurance.bif,10000,-0.05208965374591072,120,-0.05335773715241868,42,-0.051854879658746765,18,-0.055148843732604244,42,-0.0518548004880312,18,-0.055148843732604244,42,-0.052212788793889055,31,-0.05562479844500854,24,-0.05221932226773441,31,-0.05562479844500854,24
insurance.bif,10000,-0.5653340740880054,160,-0.5647968140910354,72,-0.5871297012429041,30,-0.5669977471818943,76,-0.5871297731767395,30,-0.5669977471818943,76,-0.5632616524429812,84,-0.5650788236486813,72,-0.5632618769922964,84,-0.5650788236486813,72
insurance.bif,10000,-0.19091800855650523,144,-0.1906881795146994,30,-0.18823557070247626,30,-0.18911822915900792,33,-0.18823557987948455,30,-0.18911822915900792,33,-0.19106939666809375,82,-0.19237157250832224,27,-0.19106872180613146,80,-0.19237157250832224,27
insurance.bif,10000,-0.5930442898571465,72,-0.5932718556844763,24,-0.5923032040752312,25,-0.592444816922719,30,-0.5923082191149198,25,-0.592444816922719,30,-0.591662742520094,60,-0.593499155144045,27,-0.5916626608873781,60,-0.593499155144045,27
insurance.bif,10000,-0.05294781490831474,120,-0.05394735115360444,42,-0.05216336543774767,16,-0.055740865327177355,30,-0.05216303885897422,16,-0.055740865327177355,30,-0.05305674490785175,34,-0.055552861107196407,27,-0.053055444296809195,34,-0.055552861107196407,27
insurance.bif,10000,-0.563190750188728,160,-0.563518715911299,72,-0.5853257061318231,28,-0.5647778848956148,76,-0.585325738873402,28,-0.5647778848956148,76,-0.5622676942374281,82,-0.5664805262846825,64,-0.5622665321665187,82,-0.5664805262846825,64
insurance.bif,10000,-0.189677161867668,144,-0.1881312248325287,36,-0.18537221286425828,29,-0.18761788669109156,36,-0.18537204596555515,28,-0.18761788669109156,36,-0.1869233663295819,73,-0.18948593630615215,30,-0.1869232205877567,73,-0.18948593630615215,30
insurance.bif,10000,-0.5939038918293486,72,-0.5934635163895999,27,-0.5926755349733727,25,-0.5968775922440849,24,-0.5926754437947066,25,-0.5968775922440849,24,-0.593009006345494,70,-0.5934496324313112,33,-0.5930094552721005,69,-0.5934496324313112,33
insurance.bif,10000,-0.052355214986610575,120,-0.0535159491452648,42,-0.052289438047895626,15,-0.054271064215342155,36,-0.0521057101562921,16,-0.053569027966648204,36,-0.05197738368433517,40,-0.05353508516927171,24,-0.052084333641592415,34,-0.05353508516927171,24
insurance.bif,10000,-0.5619458019874741,160,-0.5625595914059278,72,-0.5854669971338159,28,-0.5637664678384255,76,-0.5854669982258379,28,-0.5637664678384255,76,-0.5615766281462289,95,-0.5643751102345099,68,-0.561576831952529,95,-0.5643751102345099,68
insurance.bif,10000,-0.18960923466323182,144,-0.1911439476923203,30,-0.1869410814856316,27,-0.18863007170491525,33,-0.18694106625830897,27,-0.18863007170491525,33,-0.1871903150276409,77,-0.1890901212274386,36,-0.18718920304137848,78,-0.1890901212274386,36
insurance.bif,10000,-0.5918813314053863,72,-0.5932750431650611,24,-0.5914147958978522,25,-0.5931917654250326,24,-0.5914135377801211,25,-0.5931917654250326,24,-0.5907764681177224,56,-0.5928977596662948,39,-0.5907764754655558,55,-0.5928977596662948,39
insurance.bif,10000,-0.05214737133657346,120,-0.05399913305942319,39,-0.052059713286926664,14,-0.05350390648413413,39,-0.052059718869872304,14,-0.05350390648413413,39,-0.051830657484872915,39,-0.053913946937093706,24,-0.05183051505181803,39,-0.053913946937093706,24
insurance.bif,10000,-0.5628727404270282,160,-0.5622316678110423,72,-0.5850842908210622,30,-0.5639072585816721,76,-0.5850842652547871,30,-0.5639072585816721,76,-0.5623142680851045,91,-0.5658404520202954,68,-0.5623144239079801,92,-0.5658404520202954,68
insurance.bif,10000,-0.18968223201547893,144,-0.18905700906642892,39,-0.18590610073500757,27,-0.18653125641244916,45,-0.18590600939777763,27,-0.18653125641244916,45,-0.18675028012004274,73,-0.18983231538442719,39,-0.18675024870629692,73,-0.18983231538442719,39
insurance.bif,10000,-0.5919621019393597,72,-0.5925169477016571,27,-0.5914007495582037,25,-0.594588277849437,27,-0.5913973316287756,25,-0.594588277849437,27,-0.5914821132671082,64,-0.5915547960400045,33,-0.5914820598692335,64,-0.5915547960400045,33
insurance.bif,10000,-0.05187315909503512,120,-0.05257555108800111,42,-0.0516768190608994,16,-0.052326919797966255,42,-0.051677177648217165,16,-0.052326919797966255,42,-0.05130210372799347,32,-0.05323683128379916,21,-0.05130209270305229,32,-0.05323683128379916,21
insurance.bif,10000,-0.5634109437509564,160,-0.5635397498670732,72,-0.5855109171187609,29,-0.5653135910114602,72,-0.585510853630239,29,-0.5653135910114602,72,-0.5627523877826114,95,-0.5649528722746486,72,-0.562752285993984,95,-0.5649528722746486,72
insurance.bif,10000,-0.1898825715418381,144,-0.1907524599999407,30,-0.18684905897293583,29,-0.18899025064567068,36,-0.18684910406135052,29,-0.18899025064567068,36,-0.18798474608344237,74,-0.1926699236519573,36,-0.18798533004533743,75,-0.1926699236519573,36
insurance.bif,10000,-0.5926418198880626,72,-0.5938850785363216,27,-0.591393372892099,25,-0.5940959952431809,33,-0.5913927979544402,25,-0.5940959952431809,33,-0.5911833522534997,66,-0.5926523280734932,30,-0.5911834705129985,66,-0.5926523280734932,30
insurance.bif,10000,-0.0530322019886273,120,-0.054251396471458886,39,-0.05220028229857812,13,-0.054178809978108804,36,-0.05220034268680004,13,-0.054178809978108804,36,-0.05205674105140058,31,-0.05396918454965986,21,-0.0520571756765847,31,-0.05396918454965986,21
insurance.bif,10000,-0.5612128627443767,160,-0.5615962766228774,72,-0.5849418647824662,30,-0.5629606905474921,76,-0.584941839738819,30,-0.5629606905474921,76,-0.5607502769787911,95,-0.5632821103377441,68,-0.5607510193432153,95,-0.5632821103377441,68
insurance.bif,10000,-0.191350725620624,144,-0.18944061367565726,36,-0.1864655660921242,28,-0.18896303366735342,36,-0.1864653804680352,28,-0.18896303366735342,36,-0.18744842792881733,89,-0.1893588237542645,30,-0.18744876089030935,89,-0.1893588237542645,30
insurance.bif,10000,-0.5913802201955771,72,-0.5927235446818009,27,-0.5913718786829262,25,-0.5937286510838592,27,-0.5913750168266473,25,-0.5937286510838592,27,-0.5906963557988563,75,-0.5931304241107247,33,-0.5906963162924816,75,-0.5931304241107247,33
insurance.bif,10000,-0.052590793589530414,120,-0.05441085604169445,39,-0.05252126974468716,16,-0.05416738714668939,33,-0.05252130383040329,16,-0.05416738714668939,33,-0.052159338524968936,36,-0.05366902942353481,24,-0.05215632017820596,39,-0.05366902942353481,24
insurance.bif,10000,-0.5644426943563432,160,-0.5640025380225634,72,-0.5866271438225026,29,-0.5664851732044702,72,-0.5866273390947504,29,-0.5664851732044702,72,-0.5640508418985073,82,-0.5703148283750421,64,-0.5640494339010591,82,-0.5703148283750421,64
insurance.bif,10000,-0.18667461881613864,144,-0.18719418184327102,42,-0.18601243057412295,27,-0.18706088214319994,39,-0.1860124720111155,27,-0.18706088214319994,39,-0.18441936398077866,74,-0.18802080574126018,30,-0.18441958256142174,74,-0.18802080574126018,30
insurance.bif,10000,-0.591490496092609,72,-0.5918771557451471,24,-0.5906276708568988,25,-0.5923401319772037,30,-0.5906271446459699,25,-0.5923401319772037,30,-0.590206731543068,56,-0.5913271816719675,30,-0.5902068462592187,56,-0.5913271816719675,30
insurance.bif,10000,-0.05216360386491574,120,-0.05288847519583154,42,-0.05195628082810556,16,-0.05413926061440946,36,-0.05195628538548731,16,-0.05413926061440946,36,-0.0515884194146666,35,-0.053622014297757564,21,-0.05158872250627636,37,-0.053622014297757564,21
insurance.bif,10000,-0.5642067650376952,160,-0.5629503897363984,72,-0.5866094747350143,28,-0.563099830618927,80,-0.5866095767996241,28,-0.563099830618927,80,-0.5637045447012248,79,-0.5639146390558779,72,-0.5637052266413105,79,-0.5639146390558779,72
insurance.bif,10000,-0.18887872787298476,144,-0.19035482888551095,36,-0.18576663509158464,25,-0.18914019248312186,36,-0.18576696753646285,25,-0.18914019248312186,36,-0.18638353395118337,70,-0.19037223054985822,30,-0.18638345705055576,71,-0.19037223054985822,30
link.bif,5000,-0.0022629333351463434,96,-0.0022586155794248517,84,-0.50989556514745,21,-0.002251154029830714,66,-0.5099033170326817,19,-0.002251154029830714,66,-0.001571118084021397,34,-0.0021925024152758023,42,-0.0015713538459646117,34,-0.0021925024152758023,42
link.bif,5000,-0.002260812831278269,96,-0.0022590937187922377,84,-0.5059391404491452,24,-0.002220722367158534,66,-0.5059475061426024,22,-0.002220722367158534,66,-0.0015646918237056419,36,-0.0021709772601313224,42,-0.0015610776650731562,35,-0.0021709772601313224,42
link.bif,5000,-0.0022652680633144383,96,-0.0022634025478063414,84,-0.5217622443861696,25,-0.0022606382237562762,66,-0.5217608206036494,25,-0.0022606382237562762,66,-0.0017145602348320257,38,-0.0020929344533859584,42,-0.0017144332123643195,38,-0.0020929344533859584,42
link.bif,5000,-0.002259415579512156,96,-0.002258046894638142,84,-0.5141527089864684,20,-0.002164562819023862,66,-0.5141528615208554,21,-0.002164562819023862,66,-0.0017015419743867857,37,-0.0021008680182325536,45,-0.0017039560306434608,37,-0.0021008680182325536,45
link.bif,5000,-0.0022636060713580684,96,-0.002261413796032049,84,-0.5183995316861669,28,-0.0021974096601813068,66,-0.5184096996230831,28,-0.0021974096601813068,66,-0.0015805445670807258,44,-0.0020662061253839967,42,-0.0015808740339947765,44,-0.0020662061253839967,42
link.bif,5000,-0.0022644792398959614,96,-0.002262648339643732,84,-0.5235975370982224,26,-0.0022124150066248783,66,-0.5236022551531762,24,-0.0022124150066248783,66,-0.0016651024068408404,38,-0.002099049617279049,39,-0.001664983113156022,38,-0.002099049617279049,39
link.bif,5000,-0.002255338035509121,96,-0.002255307459146109,84,-0.5090669226085993,24,-0.002221360325566722,66,-0.5090696457461579,26,-0.002221360325566722,66,-0.0017377074546571119,43,-0.002234474126014969,42,-0.0017370296196703564,43,-0.002234474126014969,42
link.bif,5000,-0.0022659362543259376,96,-0.0022656614881000434,84,-0.5158795928880349,28,-0.002181604457667453,66,-0.5158789356489171,25,-0.002181604457667453,66,-0.0016301316366550426,32,-0.0020821290908225186,45,-0.0016295949430254232,32,-0.0020821290908225186,45
link.bif,5000,-0.002259107536228539,96,-0.0022575697881167768,84,-0.509554156438587,21,-0.002227758598487274,66,-0.5095566359627869,21,-0.002227758598487274,66,-0.0016898747388304422,42,-0.0021536177820100535,45,-0.0016900438667191708,42,-0.0021536177820100535,45
link.bif,5000,-0.002261254401981743,96,-0.0022603747813993587,84,-0.514908018411589,29,-0.0022760466188057158,66,-0.514918916303071,25,-0.0022760466188057158,66,-0.0015962501981668083,33,-0.00220778316832121,42,-0.001596187484846738,33,-0.00220778316832121,42
link.bif,5000,-0.002256857821249394,96,-0.0022560519809535547,84,-0.5095548797752506,22,-0.0022419900256673998,66,-0.5095497934427862,23,-0.0022419900256673998,66,-0.001586374421778989,38,-0.002140803030553236,45,-0.0015868864082000866,38,-0.002140803030553236,45
link.bif,5000,-0.0022599535758216155,96,-0.0022579661425911513,84,-0.514230150538149,17,-0.002187129807133374,66,-0.5142323757669793,17,-0.002187129807133374,66,-0.0015180396299477557,37,-0.0021388226475915536,42,-0.0015165508442518737,36,-0.0021388226475915536,42
link.bif,5000,-0.0022638748100228404,96,-0.0022616076283156383,84,-0.5214435754921224,23,-0.002308805893555536,66,-0.5214424833413769,22,-0.002308805893555536,66,-0.0015963260028294332,37,-0.0021392754214291415,48,-0.0015961758743219905,37,-0.0021392754214291415,48
link.bif,5000,-0.002262145525718597,96,-0.0022619205220018555,84,-0.5214962284890379,24,-0.0021838556097893455,66,-0.5214982803422293,21,-0.0021838556097893455,66,-0.0015898722829891373,38,-0.0021516018552011967,42,-0.0015892426740584692,38,-0.0021516018552011967,42
link.bif,5000,-0.002258102198015421,96,-0.0022578283680888232,84,-0.5238487302091569,25,-0.002220812056103028,66,-0.5238481291214543,27,-0.002220812056103028,66,-0.0015541881578932503,42,-0.002206721585464231,42,-0.0015530028910675355,42,-0.002206721585464231,42
link.bif,5000,-0.0022558152522101286,96,-0.0022545665642783627,84,-0.5202230452374204,24,-0.002231294331965955,66,-0.5202289378933065,25,-0.002231294331965955,66,-0.001722452231419674,50,-0.0022157404485039734,48,-0.0017217244818701083,50,-0.0022157404485039734,48
link.bif,5000,-0.002256903844084638,96,-0.0022565729162078727,84,-0.5223152339043566,27,-0.002243047330176631,66,-0.5223247866152915,26,-0.002243047330176631,66,-0.0018111801262923337,41,-0.002115145765261041,45,-0.0018120971017435334,42,-0.002115145765261041,45
link.bif,5000,-0.0022566317682948416,96,-0.002255497313251308,84,-0.5257597662052398,28,-0.002243147044819002,66,-0.5257501731240039,28,-0.002243147044819002,66,-0.002005255804318139,52,-0.0023529140955056665,51,-0.0020061937533514753,52,-0.0023529140955056665,51
link.bif,5000,-0.00226381202651071,96,-0.0022633003762531313,84,-0.520796830978794,27,-0.0022450379194911304,66,-0.5207951536700415,26,-0.0022450379194911304,66,-0.0015427355394928412,33,-0.002191757799457047,48,-0.0015518852936700668,35,-0.002191757799457047,48
link.bif,5000,-0.0022571755934758515,96,-0.002256221276581396,84,-0.5224171310060942,25,-0.002238374144254768,66,-0.5224139856079217,27,-0.002238374144254768,66,-0.001601006818441195,41,-0.002145098531938811,39,-0.0016008372890587218,41,-0.002145098531938811,39
link.bif,5000,-0.002260890166251409,96,-0.0022606775178583252,84,-0.5230249391907157,18,-0.0021555006207712676,66,-0.523024751631153,16,-0.0021555006207712676,66,-0.0015393616168059715,34,-0.0021307926679408097,42,-0.001539032131487658,34,-0.0021307926679408097,42
link.bif,5000,-0.0022498930981803794,96,-0.0022491935244172033,84,-0.5208452564862571,29,-0.0022152712960978446,66,-0.5208413929909163,29,-0.0022152712960978446,66,-0.0017986060984735033,48,-0.0022267959030849304,45,-0.0017983617303824622,48,-0.0022267959030849304,45
link.bif,5000,-0.002259964776900232,96,-0.002259336207717002,84,-0.5229883588921505,26,-0.0022032802321323907,66,-0.5229926778980692,21,-0.0022032802321323907,66,-0.0016172742037012548,36,-0.0021149874022238,45,-0.0016180102212243767,36,-0.0021149874022238,45
link.bif,5000,-0.0022604750715585886,96,-0.002257804294771428,84,-0.518507090560976,24,-0.0022153727082870056,66,-0.5185020170099551,23,-0.0022153727082870056,66,-0.0015462251102832305,38,-0.0022324788490199177,42,-0.0015450628356897846,36,-0.0022324788490199177,42
link.bif,5000,-0.002260089161987508,96,-0.0022599100099585457,84,-0.5223824701162088,17,-0.0021706659493583654,66,-0.5223830524502171,20,-0.0021706659493583654,66,-0.0019448970145973608,57,-0.0022161478411440003,48,-0.001945475768167468,57,-0.0022161478411440003,48
link.bif,5000,-0.002262864534721227,96,-0.0022620953576316717,84,-0.5210803030210469,23,-0.0022154943946620124,66,-0.5210778802360809,23,-0.0022154943946620124,66,-0.0016100701790053567,34,-0.002185990089359942,42,-0.0016101380569710994,35,-0.002185990089359942,42
link.bif,5000,-0.002261375186192997,96,-0.0022571555485945984,84,-0.5221906825613043,23,-0.002204906434785077,66,-0.2628677747726763,16,-0.0021896790318519177,66,-0.0016650359561894213,40,-0.0022193598892126043,45,-0.0015886399258361855,38,-0.0022193598892126043,45
link.bif,5000,-0.002257307565664709,96,-0.002254058630085564,84,-0.5247264835590731,26,-0.0022144036096341095,66,-0.5247208802390478,22,-0.0022144036096341095,66,-0.0015948677122633351,37,-0.0021470120612051523,45,-0.0015951016095643734,37,-0.0021470120612051523,45
link.bif,5000,-0.0022565163517327996,96,-0.002254909596674345,84,-0.5252286679634588,29,-0.002262913078481165,66,-0.5252184999278847,29,-0.002262913078481165,66,-0.0015316559196350585,35,-0.002141062296796593,42,-0.0015317872156347004,35,-0.002141062296796593,42
link.bif,5000,-0.002260686664027336,96,-0.0022575170720523685,84,-0.5214083678171648,25,-0.0021954117383200847,66,-0.5213995350526106,23,-0.0021954117383200847,66,-0.0016077241149994258,36,-0.0022507688129197504,45,-0.0016077805979939107,36,-0.0022507688129197504,45
link.bif,5000,-0.0022559658122800965,96,-0.0022554555893433133,84,-0.5185767441306006,28,-0.0022685137710249607,66,-0.5185684044895178,28,-0.0022685137710249607,66,-0.001559199551388372,32,-0.0022209572702173333,42,-0.0015598627755892174,32,-0.0022209572702173333,42
link.bif,5000,-0.002251655061824714,96,-0.00225117657173593,84,-0.5208400340367574,27,-0.0022768345121337427,66,-0.5208367906877045,29,-0.0022768345121337427,66,-0.0016022411034289882,39,-0.002241910876398112,42,-0.001603283193139056,39,-0.002241910876398112,42
link.bif,5000,-0.002260070048510102,96,-0.0022570246634845536,84,-0.5223663903616116,23,-0.0022624692827719214,66,-0.5223728613369583,22,-0.0022624692827719214,66,-0.0016480033670411107,39,-0.00215281967804163,48,-0.0016468179531291046,39,-0.00215281967804163,48
link.bif,5000,-0.002257721806054879,96,-0.0022547396381421723,84,-0.5225746291042218,20,-0.0022031980311783455,66,-0.5225863003915889,19,-0.0022031980311783455,66,-0.0015360633897523236,37,-0.002191908426485103,45,-0.001535978860702357,37,-0.002191908426485103,45
link.bif,5000,-0.002276061018687331,96,-0.002275496705955569,84,-0.5227079632224809,25,-0.0021911571829707275,66,-0.5227106277548251,23,-0.0021911571829707275,66,-0.0016021850204452025,32,-0.0022118338167488867,42,-0.0016017301357885714,32,-0.0022118338167488867,42
link.bif,5000,-0.0022609912781269594,96,-0.0022556969786549893,84,-0.523165725633001,25,-0.002259753859843705,66,-0.5231639188650892,24,-0.002259753859843705,66,-0.0016042931869366187,39,-0.002167798689563392,42,-0.0016044399412726946,38,-0.002167798689563392,42
link.bif,5000,-0.0022629073243904305,96,-0.0022610024333199513,84,-0.5234949773250733,24,-0.002218714356934335,66,-0.523492233595219,24,-0.002218714356934335,66,-0.0017590970524284067,42,-0.0021813685977134494,42,-0.0017589361507849759,42,-0.0021813685977134494,42
link.bif,5000,-0.0022602029355692044,96,-0.002259375033587623,84,-0.5239523531771909,25,-0.002238203041225505,66,-0.5239523917473479,21,-0.002238203041225505,66,-0.0015846641688070345,34,-0.0021899073377194852,42,-0.0015846199665883898,34,-0.0021899073377194852,42
link.bif,5000,-0.00227242776701945,96,-0.0022719030115609835,84,-0.5220020531682404,19,-0.002247036183992464,66,-0.5219949889824353,21,-0.002247036183992464,66,-0.001642674896929406,49,-0.00216513376563969,42,-0.0016428180947551095,49,-0.00216513376563969,42
link.bif,5000,-0.002254826439532922,96,-0.0022542324250514854,84,-0.5230220109861607,25,-0.0022746853573942074,66,-0.5230228672869365,25,-0.0022746853573942074,66,-0.0015582577334904723,35,-0.002161250131575127,42,-0.0015581218120752863,35,-0.002161250131575127,42
link.bif,5000,-0.0022543043344215646,96,-0.0022527760964560772,84,-0.515542784737496,27,-0.0022546012620270448,66,-0.5155497122816509,29,-0.0022546012620270448,66,-0.0015740384802760581,33,-0.002093307290645814,42,-0.0015740276318501867,33,-0.002093307290645814,42
link.bif,5000,-0.002260224947585241,96,-0.002259499889291962,84,-0.5240893270510758,23,-0.0022708867415304696,66,-0.5240915040233037,23,-0.0022708867415304696,66,-0.0015074087061396734,30,-0.002264341531402932,42,-0.001507274560888752,30,-0.002264341531402932,42
link.bif,5000,-0.002255015838545589,96,-0.0022547451597323327,84,-0.5195509192510867,18,-0.0022261078777690534,66,-0.5195414571364881,16,-0.0022261078777690534,66,-0.0016820080614439866,45,-0.0022438591264857697,42,-0.0016814578193343652,44,-0.0022438591264857697,42
link.bif,5000,-0.0022567615798620663,96,-0.0022561843178562336,84,-0.5197663056364494,22,-0.0022480141012988742,66,-0.5197645243907385,24,-0.0022480141012988742,66,-0.0018592102665736646,46,-0.0021471132143078444,45,-0.0018594444776825376,46,-0.0021471132143078444,45
link.bif,5000,-0.00225267636781679,96,-0.002252437304152914,84,-0.5214612648720688,15,-0.002249688581497447,66,-0.52145970955209,15,-0.002249688581497447,66,-0.0015741631120368312,42,-0.0021955721981809823,48,-0.0015746431207857826,42,-0.0021955721981809823,48
link.bif,5000,-0.002264761335884016,96,-0.002262054183736575,84,-0.5226791949633349,28,-0.0021912311819039547,66,-0.5226821525025817,28,-0.0021912311819039547,66,-0.0017339916778579137,39,-0.0021573434980306596,45,-0.001734151690539794,39,-0.0021573434980306596,45
link.bif,5000,-0.0022531470214544277,96,-0.002252865288792956,84,-0.5156175611035178,20,-0.0022712671385625403,66,-0.515621430813294,22,-0.0022712671385625403,66,-0.0015561913314431624,36,-0.0022542846346750283,45,-0.0015544260714752593,34,-0.0022542846346750283,45
link.bif,5000,-0.00225751907945612,96,-0.002256820826334769,84,-0.5197981644381362,28,-0.002201316796111333,66,-0.5197983464978031,28,-0.002201316796111333,66,-0.0016989618900758664,47,-0.002181840515895991,42,-0.0016990319825464994,47,-0.002181840515895991,42
link.bif,5000,-0.002254794935327832,96,-0.002253662335334752,84,-0.5157849478555536,22,-0.0021950897755388795,66,-0.5157805905918817,21,-0.0021950897755388795,66,-0.0015445544218622147,33,-0.002283614844320764,42,-0.0015444666541458453,33,-0.002283614844320764,42
link.bif,5000,-0.0022582728258793297,96,-0.0022549716375928146,84,-0.5195727607093584,21,-0.0021790371777414192,66,-0.5195780484591699,25,-0.0021790371777414192,66,-0.0015864731652581589,41,-0.0021531360765907415,42,-0.001584754850029745,41,-0.0021531360765907415,42
link.bif,5000,-0.00226079861449095,96,-0.0022552569994958266,84,-0.5155755656939127,23,-0.002203080875934859,66,-0.5155719209782201,23,-0.002203080875934859,66,-0.001712329183527266,40,-0.0021660221330667057,45,-0.0017120716082247597,40,-0.0021660221330667057,45
link.bif,5000,-0.0022534426698070558,96,-0.0022520940669773404,84,-0.5186167334697668,18,-0.0022058082644634985,66,-0.5186168367028494,19,-0.0022058082644634985,66,-0.0015776877935027261,34,-0.002168319258396921,42,-0.0015777830368671846,34,-0.002168319258396921,42
link.bif,5000,-0.002260115990182629,96,-0.0022584330107581043,84,-0.5168523703301907,27,-0.0022828629864895594,66,-0.5168577140076844,26,-0.0022828629864895594,66,-0.0016994745347901916,37,-0.0022642159224604474,42,-0.0016993617449973146,37,-0.0022642159224604474,42
link.bif,5000,-0.0022589508913082464,96,-0.002257522235131139,84,-0.5200183452801433,28,-0.002256758895469023,66,-0.5200052363633875,25,-0.002256758895469023,66,-0.001555973354063477,39,-0.00218131509586485,42,-0.00155472551545245,38,-0.00218131509586485,42
link.bif,5000,-0.002260330648167407,96,-0.002257451677268258,84,-0.5168251120744213,19,-0.002209654519550441,66,-0.5168221845081278,17,-0.002209654519550441,66,-0.0016277092808352719,39,-0.0021320140226630683,45,-0.0016263043316302834,37,-0.0021320140226630683,45
link.bif,5000,-0.0022588298627764505,96,-0.002254717610046079,84,-0.5192885911263254,29,-0.00223405821277871,66,-0.5192847546984783,29,-0.00223405821277871,66,-0.0016841125937728932,42,-0.002216658030174701,45,-0.0016844576078184686,42,-0.002216658030174701,45
link.bif,5000,-0.0022595978363303794,96,-0.0022579992339274496,84,-0.516917806549497,22,-0.002268700259658392,66,-0.5169214764644712,25,-0.002268700259658392,66,-0.001526828109274366,33,-0.002179435458401628,39,-0.0015301141793700257,33,-0.002179435458401628,39
link.bif,5000,-0.0022632456608340954,96,-0.002259502550637618,84,-0.5204468574995708,26,-0.002233606288562045,66,-0.52045967990474,26,-0.002233606288562045,66,-0.0015419357941792728,32,-0.0021751387140232343,39,-0.001541701575273106,32,-0.0021751387140232343,39
link.bif,5000,-0.002258410178172788,96,-0.002257963519256523,84,-0.5168072743932682,20,-0.0021975923352097115,66,-0.5168155269227139,23,-0.0021975923352097115,66,-0.001654415353919362,41,-0.0021960062980084447,42,-0.0016533181086988702,41,-0.0021960062980084447,42
link.bif,5000,-0.0022580602045295063,96,-0.00225752986955922,84,-0.5199004828303803,21,-0.002218738862341875,66,-0.5199021044851976,20,-0.002218738862341875,66,-0.0016031247192088579,38,-0.0021529569686051437,42,-0.0016033448941754542,38,-0.0021529569686051437,42
link.bif,5000,-0.0022618442852594513,96,-0.002255049556787364,84,-0.5163327510208464,27,-0.0022057848523763758,66,-0.5163324780250527,26,-0.0022057848523763758,66,-0.0016214231953298878,43,-0.002179993075021432,48,-0.001621240509841623,43,-0.002179993075021432,48
link.bif,5000,-0.0022591090388231812,96,-0.0022575776764876595,84,-0.5201968699414429,18,-0.0022169173029487296,66,-0.5201942947320589,17,-0.0022169173029487296,66,-0.0018051542251398033,52,-0.0021371035036168483,45,-0.001807566562188709,54,-0.0021371035036168483,45
link.bif,5000,-0.0022616063880458886,96,-0.002260744513331244,84,-0.5179570444745081,19,-0.002200320650140937,66,-0.5179596787206409,24,-0.002200320650140937,66,-0.0015983876469457378,39,-0.00227707301719544,42,-0.001598092791212939,39,-0.00227707301719544,42
link.bif,5000,-0.0022592518588724284,96,-0.0022596570732283483,84,-0.5207081245787715,25,-0.002195367373456844,66,-0.520707306900251,21,-0.002195367373456844,66,-0.0016188551283345077,42,-0.002174862104456285,42,-0.0016172604301830861,41,-0.002174862104456285,42
link.bif,5000,-0.0022538846758301096,96,-0.002252923965677681,84,-0.5152803034364821,19,-0.002287374135202511,66,-0.5152812384205007,23,-0.002287374135202511,66,-0.001632020406931671,39,-0.002170211383207102,42,-0.0016319783870549884,39,-0.002170211383207102,42
link.bif,5000,-0.0022651201047037064,96,-0.002262803437783254,84,-0.5212139071120104,25,-0.0022173211402387576,66,-0.5212244837603044,24,-0.0022173211402387576,66,-0.0015103913234272136,36,-0.0021793509688946733,42,-0.0015103717846878001,36,-0.0021793509688946733,42
link.bif,5000,-0.0022566332698805177,96,-0.002254159374714127,84,-0.5158938333151591,23,-0.0022871673765744076,66,-0.51589308910696,29,-0.0022871673765744076,66,-0.0015169398501065899,37,-0.0022032965298594215,45,-0.0015165847898211827,37,-0.0022032965298594215,45
link.bif,5000,-0.0022623340141280286,96,-0.0022593328476479767,84,-0.5205231184339841,22,-0.002220810328148902,66,-0.5205183641449072,22,-0.002220810328148902,66,-0.0018739817501998647,44,-0.002268655545715501,42,-0.0018728783298008942,44,-0.002268655545715501,42
link.bif,5000,-0.002261153889075165,96,-0.0022589215372979497,84,-0.5228139269476941,26,-0.0022362270977451127,66,-0.5228236336097722,27,-0.0022362270977451127,66,-0.0015707931673321575,42,-0.0021881831251409282,36,-0.001570767859360108,42,-0.0021881831251409282,36
link.bif,5000,-0.0022534786987371677,96,-0.002251705363866301,84,-0.5256481444418091,21,-0.0022554409497764103,66,-0.5256474770344589,22,-0.0022554409497764103,66,-0.0016965532292564148,46,-0.0022013187643056854,45,-0.0016962189232228944,46,-0.0022013187643056854,45
link.bif,5000,-0.0022605136709499753,96,-0.002256938374218494,84,-0.520512452306827,20,-0.0022538077213126394,66,-0.5205157886460414,19,-0.0022538077213126394,66,-0.0015724907164247064,30,-0.0022232626000556577,39,-0.0015722970609314377,30,-0.0022232626000556577,39
link.bif,5000,-0.0022587857223789363,96,-0.00225863428519818,84,-0.5246723557531164,19,-0.0023052561500525206,66,-0.5246727408243264,17,-0.0023052561500525206,66,-0.00166886058554701,39,-0.002222784233341207,42,-0.001668346177016834,39,-0.002222784233341207,42
link.bif,5000,-0.002259738901481969,96,-0.0022580888535874127,84,-0.5200191123776545,21,-0.0022212296985767996,66,-0.5200069230387189,22,-0.0022212296985767996,66,-0.001846060930267779,44,-0.0021896082640627586,45,-0.0018426515637581518,45,-0.0021896082640627586,45
link.bif,5000,-0.0022551800703402127,96,-0.002254655324978027,84,-0.5163780438005365,28,-0.002239828107128925,66,-0.5163818899176287,26,-0.002239828107128925,66,-0.0016567203958774218,45,-0.0022872636935710867,45,-0.0016566976963719145,45,-0.0022872636935710867,45
link.bif,5000,-0.002257552652676126,96,-0.0022560628798293848,84,-0.52231197136709,19,-0.0022461429988301653,66,-0.5223081429529169,21,-0.0022461429988301653,66,-0.0016577759513887126,37,-0.0021634026045533666,42,-0.00165731258646069,37,-0.0021634026045533666,42
link.bif,5000,-0.002263508270324181,96,-0.0022631340047144346,84,-0.5228442008207262,23,-0.0022374212929572967,66,-0.5228679227756687,22,-0.0022374212929572967,66,-0.0017519096572252725,47,-0.0021824520030838093,48,-0.0017516333793971867,47,-0.0021824520030838093,48
link.bif,5000,-0.0022594266944562704,96,-0.0022588400839221464,84,-0.5214272981936587,26,-0.002230553095414724,66,-0.52143189981668,24,-0.002230553095414724,66,-0.0016787357603680203,47,-0.0023176390253559285,48,-0.0016786093512674688,47,-0.0023176390253559285,48
link.bif,5000,-0.0022653757961840783,96,-0.0022636910250414853,84,-0.5183839508733369,24,-0.0022411281057488617,66,-0.518399805772357,23,-0.0022411281057488617,66,-0.0015279732631249079,38,-0.0023536292104943384,45,-0.0015284884278498456,38,-0.0023536292104943384,45
link.bif,5000,-0.0022628914922736896,96,-0.0022623303134956785,84,-0.5200423278154122,24,-0.0022550816860441108,66,-0.5200420632129733,22,-0.0022550816860441108,66,-0.001587761199390328,32,-0.0021344470784843738,42,-0.001587962022299491,32,-0.0021344470784843738,42
link.bif,5000,-0.0022574083775636117,96,-0.0022561240126327325,84,-0.5236858211582207,19,-0.0022532152659716386,66,-0.5236881581157026,20,-0.0022532152659716386,66,-0.001708475084938911,48,-0.00216028664775355,48,-0.0017081566995950973,48,-0.00216028664775355,48
link.bif,5000,-0.002257987453656434,96,-0.002255591438522061,84,-0.5196845992930261,18,-0.002211886976983919,66,-0.5196899026015304,20,-0.002211886976983919,66,-0.0018062870834935794,52,-0.002209636606078005,45,-0.001806176248612439,52,-0.002209636606078005,45
link.bif,5000,-0.0022580015919586314,96,-0.0022561554466701507,84,-0.5158164500620053,20,-0.0022234800300888133,66,-0.5158108279345369,20,-0.0022234800300888133,66,-0.0014576769813624566,35,-0.002146212452057382,39,-0.0014568963596082844,34,-0.002146212452057382,39
link.bif,5000,-0.002261348932961571,96,-0.002260683725182566,84,-0.5260512576515767,24,-0.002240425186614329,66,-0.5260488308076717,21,-0.002240425186614329,66,-0.0015256723507806051,31,-0.002155613834666714,45,-0.001526342421634652,31,-0.002155613834666714,45
link.bif,5000,-0.0022600128647391397,96,-0.0022580851306378633,84,-0.5227004716995518,25,-0.0022236759386219233,66,-0.5227062736927709,21,-0.0022236759386219233,66,-0.001614495094898544,41,-0.0021498265359988044,45,-0.0016141783640060325,41,-0.0021498265359988044,45
link.bif,5000,-0.002263668507397889,96,-0.002259258163742783,84,-0.5192820990403264,21,-0.0022585262983378495,66,-0.5192796066354541,21,-0.0022585262983378495,66,-0.0017081144231560913,37,-0.002222726874804663,42,-0.0017081590484195046,37,-0.002222726874804663,42
link.bif,5000,-0.0022572884759535805,96,-0.0022569132973775476,84,-0.5157470466246477,29,-0.00219553734520688,66,-0.5157478685760601,28,-0.00219553734520688,66,-0.0015573260699485957,38,-0.0021165134931162947,39,-0.0015572577171893236,38,-0.0021165134931162947,39
link.bif,5000,-0.00227157417724939,96,-0.0022675513689696058,84,-0.5211040021383188,21,-0.002244523701287333,66,-0.5210907600674922,25,-0.002244523701287333,66,-0.0016289088004263711,38,-0.002179397224874275,42,-0.0016289228753556741,38,-0.002179397224874275,42
link.bif,5000,-0.002264047955975509,96,-0.0022618991273914897,84,-0.5171893191665057,27,-0.0022335571461272736,66,-0.5171956051778376,27,-0.0022335571461272736,66,-0.0017183989060254635,39,-0.0022046788698126766,45,-0.0017173709434412188,39,-0.0022046788698126766,45
link.bif,5000,-0.002262428513548119,96,-0.0022617833975570457,84,-0.5199192583327819,21,-0.0022337284452771866,66,-0.5199240773169591,22,-0.0022337284452771866,66,-0.0016113580130177453,41,-0.0022506738653760255,42,-0.00160877699392818,41,-0.0022506738653760255,42
link.bif,5000,-0.002254239369320173,96,-0.0022535562123985864,84,-0.5144846899748975,23,-0.0021976115920279192,66,-0.5144797907436093,24,-0.0021976115920279192,66,-0.001558461224055776,33,-0.002173725469455295,39,-0.0015584695504402466,33,-0.002173725469455295,39
link.bif,5000,-0.0022639064909789055,96,-0.00226256011809645,84,-0.5199271480697762,29,-0.0022347844183023863,66,-0.5199283827376494,27,-0.0022347844183023863,66,-0.0016290543438985793,34,-0.002196828627249714,42,-0.001628706420731724,34,-0.002196828627249714,42
