net,size,logtable,sizetable,logtree,sizetree,loglrdummy,sizelrdummy,logtreedummy,sizetreedummy,  loglgpair,sizelgpair,   logtreepair,sizetreepair,loglgld,sizelgld,  logtreeld,sizetreeld,loglgldpair,sizeldlgpair,logtreeldpair,sizetreeldpair
mildew.bif,500,-1.0624332551580218,504,-1.2838659916301,112,-1.005982955393875,65,-1.117385207221749,42,-0.984140392761287,78,-1.093857226409193,42,-0.9892312086868231,97,-0.9911150104808335,42,-0.9838446745550338,110,-0.9911150104808335,42
mildew.bif,500,-0.9850860352605155,504,-1.0144535695852805,56,-0.900396860189602,72,-1.0034336485409523,70,-0.8874250011997356,76,-0.981004021884404,63,-0.8950794701990777,118,-0.9911079183136808,63,-0.8889850841602464,113,-0.9506279563937609,63
mildew.bif,500,-1.6288839569797873,1152,-1.460721624219399,96,-1.143021026215508,93,-1.388544887184225,80,-1.1037418272793034,98,-1.2969630381958104,64,-1.1376587467131816,120,-1.117946652685561,48,-1.1250888973872646,125,-1.117946652685561,48
mildew.bif,500,-0.6702415860760352,432,-0.6375276928068904,48,-0.6149758191086541,47,-0.7011580901547355,48,-0.6091195552955484,53,-0.701642304467142,36,-0.610880015370684,80,-0.7735976843904494,42,-0.6067217010963901,71,-0.6546988659168039,54
mildew.bif,500,-0.8651289489811583,1152,-0.8443868921750419,96,-0.6423225302808009,78,-0.9389940011094181,56,-0.6311891060526265,87,-0.7870251077098704,64,-0.6518220913272992,93,-0.671962226124958,48,-0.6424103839102432,96,-0.67057596087388,40
mildew.bif,500,-0.5387238513915742,1152,-0.5244267200771107,72,-0.4475273262990933,63,-0.5916881923690935,48,-0.4453418005903204,63,-0.5497642179596193,40,-0.4491020000872415,76,-0.42488194906079996,40,-0.4445311146229804,77,-0.414905900632462,40
mildew.bif,500,-1.0988443765261144,288,-0.8969696657041119,36,-0.8913427719653894,40,-0.9288169376639726,24,-0.8920195601425371,38,-0.9499602987703348,27,-0.9143426158507529,61,-0.9420840833285634,27,-0.913055040064841,58,-0.9299848700234099,27
mildew.bif,500,-1.1032106096597942,288,-0.9131884808574254,36,-0.9177081289931215,40,-0.9410686590588401,27,-0.9172101659002642,39,-0.9483306255916106,27,-0.930372987204809,51,-0.9352763180115364,27,-0.9259032880025035,52,-0.9311973524631938,27
mildew.bif,500,-1.0378674075424992,252,-0.9269089508645775,36,-0.9287189589661919,31,-0.9390268073163944,21,-0.9287268326241865,35,-0.9390268073163944,21,-0.9391683428892841,35,-0.9485703769098344,21,-0.9388075766270669,38,-0.9485703769098344,21
mildew.bif,500,-1.032029887530919,504,-1.2712908915147523,112,-0.9858258167318797,65,-1.09972898246334,49,-0.9609283789918097,78,-1.0817483036048754,42,-0.9738002651130376,108,-1.0021757300048066,42,-0.971825325031267,112,-1.0204191944932104,49
mildew.bif,500,-0.9587562130932096,504,-1.0212102469452728,56,-0.9149963024053348,66,-0.984204755231524,70,-0.89231483816873,75,-0.9852386397037773,63,-0.8668147260475291,105,-0.9463785223655081,49,-0.864766865825714,111,-0.9278945579364648,56
mildew.bif,500,-1.6540427542553957,1152,-1.4641683082652248,96,-1.1058335916465734,91,-1.423914592527566,104,-1.0757290182909274,92,-1.2920020567866952,72,-1.1821332752365952,108,-1.131865710769399,40,-1.1658849488644807,117,-1.131865710769399,40
mildew.bif,500,-0.9402858830671162,1152,-0.8531711734695113,72,-0.6474566502946278,83,-0.9253056622983893,40,-0.6157788594845042,95,-0.7793610279576948,56,-0.6518748252412777,87,-0.6988629816875424,56,-0.6361185560057628,107,-0.6882599406305188,40
mildew.bif,500,-1.1125834439675417,288,-0.8992851483437279,36,-0.8923554080143596,43,-0.9439130971287898,24,-0.8921019400660334,44,-0.9599584479067337,27,-0.91071173622362,50,-0.9566401029115151,30,-0.907768245473356,50,-0.9308885867660843,27
mildew.bif,500,-1.1495289935282507,288,-0.9242147681467004,36,-0.9221721960860366,41,-0.9841373518124658,27,-0.9241161905607825,41,-0.9761125602244703,27,-0.9286509212405805,51,-0.9518838441330206,27,-0.9306049265168481,47,-0.956818124950402,24
mildew.bif,500,-1.0736222543441651,252,-0.9244374926115712,36,-0.9222939468392546,37,-0.9284107044456965,24,-0.9222840475776138,40,-0.9284107044456965,24,-0.9356170047531803,47,-0.963120074750339,27,-0.9356507247139174,51,-0.963120074750339,27
mildew.bif,5000,-0.8931762581351818,504,-0.8931762581351819,336,-0.8950927894796626,74,-0.9313290400828339,98,-0.8942552379218003,91,-0.919029618007256,105,-0.8936315171542094,156,-0.9334244439398899,91,-0.8936077733624079,165,-0.9185001423408399,91
mildew.bif,5000,-0.7705784057376811,504,-0.818303340408978,280,-0.7796698640653644,98,-0.8240007398373793,126,-0.7766377258894842,128,-0.8179782123990773,133,-0.7700745273269679,179,-0.799603280509166,91,-0.7693215329922263,194,-0.7974240540570906,91
mildew.bif,5000,-0.9479609927871454,1152,-1.0309426989500872,264,-0.927010739528576,107,-1.0618984015694384,192,-0.9259588146139193,115,-1.0288537189109355,192,-0.9264287208122943,463,-0.9676796913945778,112,-0.9247676895985067,475,-0.9816050421528928,128
mildew.bif,5000,-0.547342048257277,432,-0.6107590642037967,48,-0.548369872545403,68,-0.5630369098540692,90,-0.5469926581320111,82,-0.563069486188147,90,-0.5457900634758517,121,-0.5554349642695037,78,-0.5456522416864592,130,-0.5519078948200915,72
mildew.bif,5000,-0.5392231543818728,1152,-0.5615582071825924,264,-0.4889923775339951,110,-0.5697575422740684,200,-0.48536248731467485,122,-0.5596288939345979,136,-0.4951998532673563,415,-0.5499390159692537,112,-0.4946888529770963,407,-0.5344607455115828,104
mildew.bif,5000,-0.32408255374656375,1152,-0.31416206095683524,288,-0.28722027286810214,102,-0.3376961388669813,184,-0.28240852724931786,126,-0.32276228391886735,136,-0.28359984075687134,317,-0.30822847013016486,104,-0.28130192899939616,354,-0.31235003328491256,96
mildew.bif,5000,-0.8811690050882189,288,-0.8735751345266577,36,-0.8677535201532776,47,-0.8738920783683262,36,-0.867730718676584,49,-0.8734298767251687,36,-0.8705513524711056,152,-0.8872459187529228,48,-0.8703654344279858,153,-0.8893588073413113,45
mildew.bif,5000,-0.8868181700133342,288,-0.8817678299028535,36,-0.875356130506526,49,-0.881879594740102,39,-0.875356377831606,49,-0.8814639206988617,39,-0.8780939977150279,162,-0.8844048868154588,48,-0.8780047419951111,160,-0.8836559068628027,48
mildew.bif,5000,-0.9083205323957645,252,-0.8999602223096572,36,-0.8984613205059679,43,-0.9003345205925257,27,-0.8984583332944809,47,-0.9003345205925257,27,-0.9016522802554464,122,-0.9001912377853752,30,-0.9016527208955355,123,-0.9001912377853752,30
mildew.bif,5000,-0.8882253578040483,504,-0.8882253578040483,336,-0.8924385992951975,73,-0.9262143619284449,105,-0.8926300246519382,85,-0.9279537213521603,98,-0.8890417215342379,178,-0.9156559501638354,91,-0.8886106276068662,175,-0.9186478853782766,98
mildew.bif,5000,-0.7702932405043779,504,-0.8170280945616472,280,-0.7813205634707053,102,-0.8227940677777439,126,-0.7780951107452259,126,-0.7909784141621826,154,-0.7702605715089599,181,-0.8123231054877136,98,-0.7709187931035673,196,-0.7982880066215966,98
mildew.bif,5000,-0.9566777676507164,1152,-1.022910137421366,288,-0.9226116503860252,109,-1.0562224484899505,192,-0.9202312837666137,117,-1.0315529741588056,184,-0.9253247457087442,464,-0.9631843812739418,112,-0.9249551324002552,477,-0.9631843812739418,112
mildew.bif,5000,-0.5473260051123927,432,-0.6120888510300849,48,-0.5479948248757885,68,-0.5651846259914992,90,-0.5463049929209235,80,-0.5630758879021105,102,-0.5450815363469391,127,-0.570395776180498,72,-0.5444568747499805,124,-0.5549962031977037,72
mildew.bif,5000,-0.5483767012607145,1152,-0.5383621689966351,288,-0.4860754765641088,109,-0.5629736525062594,200,-0.4831195427368847,122,-0.5526927398110023,144,-0.49405568694117963,433,-0.5286681949942456,136,-0.4928376223085477,443,-0.5382024083522404,120
mildew.bif,5000,-0.33947756751130237,1152,-0.31103273668608306,288,-0.28441952203678467,103,-0.328832606490767,192,-0.280660203944465,141,-0.3230923018474223,120,-0.28818699418523763,335,-0.3040742755536992,104,-0.28789763903967913,367,-0.3065237402415908,96
mildew.bif,5000,-0.8886828041264913,288,-0.8727666205666709,36,-0.8668639941128615,49,-0.8738736640732166,45,-0.8668743324589421,49,-0.8731878930154797,48,-0.8690858671361202,141,-0.8810614384305316,57,-0.8689768520840658,143,-0.8806972671331001,57
mildew.bif,5000,-0.8845750417657778,288,-0.8828984897838443,36,-0.8760737217466656,49,-0.8831338693434205,36,-0.87606684075728,49,-0.8828530420022984,39,-0.8757813161117712,135,-0.8813545911216297,48,-0.8758093001232002,136,-0.8796107183049884,51
mildew.bif,5000,-0.9090785313666633,252,-0.9017444500281081,36,-0.8974683538501218,43,-0.9029272382865622,30,-0.8974667666403504,45,-0.9029272382865622,30,-0.9001365113701703,111,-0.9034021086295281,36,-0.9001350791588777,114,-0.9034021086295281,36
mildew.bif,10000,-0.8844737770461093,504,-0.8844737770461093,336,-0.8903594955013651,76,-0.9035526904074368,126,-0.8904158905975386,89,-0.8972898508329601,133,-0.8854301476601933,173,-0.908902248788362,112,-0.8852489647312762,187,-0.9009231342969529,119
mildew.bif,10000,-0.7636873228727475,504,-0.7773365644163617,392,-0.7704181210818176,101,-0.7841323467359924,161,-0.7688714500254131,130,-0.7817162927687881,168,-0.7637475291137107,193,-0.7895455914106868,133,-0.7636955686889964,203,-0.7720115431556733,126
mildew.bif,10000,-0.9038641859224704,1152,-0.9851031658160416,360,-0.919357191239576,111,-1.0036277770832394,296,-0.9184508190546367,120,-0.9779849028068988,280,-0.903981309080981,524,-0.958545677249519,136,-0.9031419842700783,535,-0.9421559393160108,184
mildew.bif,10000,-0.5431876910896434,432,-0.5613406272788658,192,-0.5423147145588034,75,-0.54933878014409,108,-0.5415822767041544,89,-0.5520822982775785,108,-0.5435384452059648,124,-0.5453028701192574,90,-0.5427090008525137,130,-0.5489402908932474,84
mildew.bif,10000,-0.4868489840223682,1152,-0.5264951089487018,312,-0.47735663723475963,110,-0.5433491677664222,224,-0.4762458070525183,123,-0.523173815175712,208,-0.47165825110498844,509,-0.49945434253246224,160,-0.47090282110509213,505,-0.4968059689811471,152
mildew.bif,10000,-0.2954251065279739,1152,-0.29034116972394386,312,-0.27611559832946575,105,-0.30979764515113395,224,-0.27440205108028237,134,-0.3059997619941308,160,-0.2748553870931274,419,-0.30569043036340743,136,-0.27401010767663503,430,-0.29574797470049985,120
mildew.bif,10000,-0.8686467272316384,288,-0.8716375797013683,36,-0.8652648426511221,47,-0.8733659547372911,48,-0.8652597826738023,48,-0.8729088707526087,48,-0.8626688904460476,182,-0.8737142568980393,72,-0.8626683102476178,173,-0.8731914956862915,69
mildew.bif,10000,-0.884299161826634,288,-0.8828521428404363,36,-0.8756649359857156,49,-0.8863657517148242,45,-0.8756780910774947,49,-0.8855428764463801,48,-0.8798473129704675,176,-0.8809434445328151,63,-0.8798896094670677,180,-0.8788893881135101,66
mildew.bif,10000,-0.8962272237330502,252,-0.8984563799454516,36,-0.895890350107635,41,-0.8988198597040047,30,-0.8958891722987049,43,-0.8988198597040047,30,-0.8951428150037731,121,-0.8980923134150316,45,-0.8951428302078497,125,-0.8980923134150316,45
mildew.bif,10000,-0.8837464022377258,504,-0.8837464022377258,336,-0.8896526076018043,73,-0.8985924077797132,133,-0.8892126508437277,96,-0.8987058024810344,126,-0.8843981168284556,170,-0.9009993860185347,105,-0.8841881449078297,167,-0.9046557463208457,112
mildew.bif,10000,-0.7609990248352622,504,-0.7875681505509138,336,-0.7684402605141402,101,-0.7822184032149913,168,-0.7660424414051255,128,-0.7800136511940239,161,-0.7611167327571705,188,-0.7928034353766956,119,-0.7609879853800018,206,-0.7764644170027823,126
mildew.bif,10000,-0.905349963324458,1152,-0.9871885450870137,360,-0.9169588027002701,111,-1.004562863905023,304,-0.9161293697332339,126,-0.9757935226273743,288,-0.9011423292037951,535,-0.9479678786270679,152,-0.9004947426764258,536,-0.9408340700998242,264
mildew.bif,10000,-0.5437309974553295,432,-0.5761050779939074,144,-0.5438105289963739,70,-0.5559180235593583,102,-0.543176196786944,87,-0.5505425734219517,108,-0.543633867500313,137,-0.5623666122280044,78,-0.5435117735104968,136,-0.551545895402475,84
mildew.bif,10000,-0.4818040269070985,1152,-0.518989422959429,336,-0.47561187698702134,108,-0.5444250284820723,224,-0.4745811470547784,127,-0.5209136468235387,216,-0.46889779280079436,502,-0.5226020100787119,144,-0.46850784685144053,503,-0.5071249863027213,144
mildew.bif,10000,-0.307758035683534,1152,-0.31153977347318296,288,-0.27776667870140853,104,-0.32389291980988844,216,-0.2753387196605142,135,-0.3160998312110755,136,-0.28176298185135645,385,-0.30970788280574174,136,-0.2804781373477417,395,-0.2953127868970877,120
mildew.bif,10000,-0.8760800094925895,288,-0.8715191472142712,36,-0.8670810167853255,49,-0.8712138251918005,42,-0.8670884806117656,49,-0.8718461991573883,48,-0.867095592046663,167,-0.8772296033468154,57,-0.8669941712782349,174,-0.875101380000265,60
mildew.bif,10000,-0.8779720932404461,288,-0.8824273045852978,36,-0.8743616765491498,49,-0.880900364074517,42,-0.874376825268129,47,-0.8805969619224897,45,-0.8748033580942025,169,-0.8776162087443299,54,-0.8749180382558501,177,-0.8775506985159511,54
mildew.bif,10000,-0.8962303621672374,252,-0.8998862445095505,36,-0.8974797171472794,41,-0.8996322564639235,39,-0.8974814193825242,45,-0.8996322564639235,39,-0.8936531167884121,134,-0.9006273262087765,39,-0.8936534796234351,138,-0.9006273262087765,39
