net,size,logtable,sizetable,logtree,sizetree,loglrdummy,sizelrdummy,logtreedummy,sizetreedummy,  loglgpair,sizelgpair,   logtreepair,sizetreepair,loglgld,sizelgld,  logtreeld,sizetreeld,loglgldpair,sizeldlgpair,logtreeldpair,sizetreeldpair
diabetes.bif,5000,-1.1454004062338377,6720,-1.1833905854943017,720,-1.158659335262511,342,-1.3897690224761865,280,-1.15879262736669,399,-1.2794765106808692,340,-1.113282231188268,516,-1.221097401280703,200,-1.111684584427486,584,-1.221097401280703,200
diabetes.bif,5000,-0.06936834068638727,495,-0.06943938114069052,459,-0.2733983453279411,107,-0.23021308600336257,297,-0.20688597996914218,241,-0.16692063065376833,297,-0.06755309083585598,100,-0.09498109271810876,108,-0.06776428999141988,139,-0.10184333238206394,99
diabetes.bif,5000,-0.21078380777773964,770,-0.32063917383554447,210,-0.2274583508831197,94,-0.34565888643818077,105,-0.22619363938163442,124,-0.3343873376163872,126,-0.207543980697441,178,-0.26401290022717744,126,-0.20721150926147183,202,-0.2728515913855126,133
diabetes.bif,5000,-0.6797206674628499,550,-0.6919168269395454,200,-0.687337844755038,77,-0.7295745779620183,100,-0.685830229364502,84,-0.7109055817630543,85,-0.6681856940714586,184,-0.6941219825352009,70,-0.6679520614866662,193,-0.6759443308111017,70
diabetes.bif,5000,-0.008476355903019152,576,-0.00966414629366263,408,-0.02272091068089012,32,-0.027470346100086716,156,-0.012820836968279492,138,-0.027746108722151844,132,-0.01025113510426872,40,-0.027412332624648043,156,-0.010077946371112511,120,-0.027746108722151844,132
diabetes.bif,5000,-0.010738451481343017,1890,-0.26622850168034645,390,-0.1797219709275141,122,-0.3280420642769003,300,-0.037561617169846365,636,-0.2995244919243016,195,-0.008714092279110214,60,-0.08125479672141643,195,-0.010255213957558228,349,-0.08125479672141643,195
diabetes.bif,5000,-0.009936695238011408,1862,-0.1144951951100312,1106,-0.6009958986554287,234,-0.49822047724214924,448,-0.7458006006441827,457,-0.43758561894159936,462,-0.008168317786366551,53,-0.06921773571277695,182,-0.008119136647169978,71,-0.06921773571277695,182
diabetes.bif,5000,-1.3140489233143622,6720,-1.3930339612437996,1120,-1.2803440908253285,413,-1.5146522417357937,320,-1.2743142444907756,474,-1.3876347408867866,380,-1.2168513875618443,740,-1.3819048389417048,260,-1.2164180444455956,831,-1.3547508783352356,280
diabetes.bif,5000,-0.019206596486668226,1650,-0.1270914425713854,1150,-0.5934845479564513,223,-0.3589374708402737,510,-0.7000182819165212,453,-0.38170545262056427,470,-0.018397153459205076,104,-0.04499194041587197,110,-0.017913897363974526,140,-0.04499194041587197,110
diabetes.bif,5000,-0.06964750124934205,495,-0.06990116502764435,459,-0.2307244701914787,110,-0.22281105535140064,297,-0.14997962871541207,243,-0.16361173431267712,288,-0.06901498101249467,121,-0.06591471696199112,117,-0.06837388919750687,144,-0.07073059348397497,117
diabetes.bif,5000,-0.21889684461694825,770,-0.2642331495812921,560,-0.24174846330224545,97,-0.4270029495225653,175,-0.2401242406072446,164,-0.4168813479653601,168,-0.2173506232862791,210,-0.31345854638777726,140,-0.21684354249923063,224,-0.2773051068090646,140
diabetes.bif,5000,-0.6506769840411721,550,-0.7141020433937175,200,-0.6605304169543493,89,-0.7349286176516411,155,-0.6592746390683425,85,-0.7346407679936666,130,-0.6373464572299479,203,-0.6450726241503932,100,-0.6374015796565996,217,-0.6520193703000475,90
diabetes.bif,5000,-0.011064343241738677,576,-0.012344601978863256,408,-0.02186387523730046,36,-0.039516024701993696,156,-0.012002238170956005,136,-0.0396489234876259,132,-0.01134074174649044,85,-0.03803189703236734,156,-0.011003336701138133,148,-0.0396489234876259,132
diabetes.bif,5000,-0.008833006247285136,1040,-0.047388850205333365,784,-0.22208550574307045,122,-0.2203146569928809,416,-0.043324371428104164,278,-0.1589934694886769,384,-0.009428331938457867,77,-0.05841680609791004,192,-0.009773139846192012,133,-0.05841680609791004,192
diabetes.bif,5000,-0.007630219640052179,1890,-0.31618787472624166,465,-0.17568518920181422,125,-0.39653214446569635,285,-0.04539308049065537,693,-0.29574551224648316,240,-0.006310066037850328,64,-0.06337385226105761,210,-0.007461975016335817,317,-0.06337385226105761,210
diabetes.bif,5000,-0.011007964543640784,1836,-0.12343474899470455,1116,-0.5523961695997263,218,-0.599175560873922,522,-0.4238562843585314,490,-0.5917884091130243,468,-0.010822241424889419,96,-0.1032987265022148,216,-0.010996992458421567,147,-0.1032987265022148,216
diabetes.bif,5000,-0.008453586653884593,1862,-0.15157035385097764,1022,-0.6283156570845038,246,-0.4658468523959672,448,-0.7460172807222855,437,-0.40386254605311034,462,-0.009033055476548571,56,-0.060973224983282066,182,-0.008847956611471244,81,-0.060973224983282066,182
diabetes.bif,5000,-1.3751866156449515,6720,-1.5441564403470451,1120,-1.3511096104868425,420,-1.5917788065826506,300,-1.347434903993095,538,-1.4801205722615682,340,-1.2575245015667866,807,-1.4574353372221132,320,-1.2566941121727357,915,-1.42118759152663,300
diabetes.bif,5000,-0.04593718798918666,1650,-0.17861163618921416,1150,-0.690569713674284,223,-0.6371771814323872,600,-0.6068799109894691,438,-0.5176446338334826,560,-0.044603122448349374,136,-0.10879162863862657,150,-0.0445908782209731,159,-0.10260797767438025,150
diabetes.bif,5000,-0.06469681121382849,495,-0.09158063899675513,423,-0.22645590835654822,108,-0.22165938566656174,297,-0.17834462300173173,256,-0.14833632426657317,297,-0.0634662147169727,91,-0.06792157801195368,126,-0.06359966803841408,130,-0.07103703839789606,117
diabetes.bif,5000,-0.21271246973676738,770,-0.24601342841560403,560,-0.23934837039146256,105,-0.4430777004908455,175,-0.23658688723837012,140,-0.406740206208735,182,-0.20980545508559525,207,-0.2777050040563073,133,-0.20925130644414322,220,-0.25833228649096934,154
diabetes.bif,5000,-0.631652553100161,550,-0.6844066908129557,250,-0.6614469438356102,87,-0.7641021319116842,140,-0.6599708130307025,88,-0.6892322440759889,145,-0.6283015706258327,200,-0.6371070143692444,95,-0.6279390349360275,202,-0.6411906167057396,85
diabetes.bif,5000,-0.0047842347426540095,576,-0.006170796947899624,408,-0.012142340190369685,37,-0.042427683278943334,156,-0.007041621673386213,147,-0.034388283509926905,132,-0.0056388013371327355,71,-0.0385014666261765,156,-0.0056474765647012365,157,-0.03441390739534427,132
diabetes.bif,5000,-0.011513709186164785,1890,-0.36221195246420296,465,-0.20974447062198365,139,-0.4589005742598245,285,-0.050205847488630995,556,-0.3290554310953098,240,-0.00972307481431491,65,-0.06765772386254819,210,-0.011550295132983227,302,-0.06765772386254819,210
diabetes.bif,5000,-0.019017003767270817,1862,-0.22572858670949844,938,-0.6181828370741623,246,-0.4837109362674716,448,-0.738847019456169,441,-0.3996986429885399,476,-0.016491205526000714,46,-0.07655117524689149,182,-0.01648365572479563,56,-0.07655117524689149,182
diabetes.bif,5000,-1.4383678354350407,6720,-1.5680293967876493,1520,-1.37136295689281,415,-1.602787654995378,340,-1.3640831093726349,563,-1.5208336221545908,340,-1.3033803946348606,819,-1.4374076460872163,320,-1.3031481483140053,900,-1.459317424553313,340
diabetes.bif,5000,-0.04446278938980552,1650,-0.18871581006523042,1150,-0.6623708262342659,224,-0.6843276148743345,590,-0.6105993799437438,410,-0.6600245674090156,560,-0.043164907218338905,142,-0.11193919916933437,140,-0.0429628448487448,171,-0.11193919916933437,140
diabetes.bif,5000,-0.06611139853222159,495,-0.09130173429319667,423,-0.2528135148377843,108,-0.2133521729475694,306,-0.17825240349292432,236,-0.17211999589908888,270,-0.0648263656595896,86,-0.07067581161659788,126,-0.06543693173037458,125,-0.07851328432211864,117
diabetes.bif,5000,-0.2372912797264079,770,-0.237143070983521,630,-0.25811399042384453,104,-0.4618460649337701,189,-0.2550276394819817,148,-0.4061020328395382,210,-0.23263271521879952,204,-0.3486301524132377,126,-0.23241109436809185,220,-0.30283542346270104,154
diabetes.bif,5000,-0.5873683046447742,550,-0.6386161727271094,250,-0.6076484786251255,87,-0.7216163685568279,155,-0.6060171483854341,89,-0.6700060650227857,190,-0.5829733564506808,194,-0.5999833615849544,110,-0.582760103516448,216,-0.602494609726091,105
diabetes.bif,5000,-0.0106998595281145,576,-0.012341715760462718,408,-0.01820230509491685,39,-0.027753523255231352,168,-0.011954712715541091,148,-0.02322471340924521,144,-0.011268367839654575,59,-0.02775590765489177,168,-0.011112867845508695,137,-0.02322471340924521,144
diabetes.bif,5000,-0.009513601133761634,1890,-0.38202300170052744,465,-0.197989395924674,132,-0.48672979092271507,285,-0.04162473872575242,625,-0.3239628329874274,255,-0.010487274151877122,102,-0.059183110800999396,210,-0.010934745516956031,335,-0.059183110800999396,210
diabetes.bif,5000,-0.012949641924308471,1862,-0.16129871157321554,1022,-0.6274223525237197,253,-0.4237404883288126,476,-0.7175510335703029,456,-0.3982739884246458,462,-0.008906651865912317,99,-0.06584851143785428,182,-0.008989579768909123,85,-0.06584851143785428,182
diabetes.bif,5000,-1.4660343199184267,6720,-1.6261197085301482,1520,-1.4144438133357105,433,-1.6346531969389226,320,-1.409966676741463,592,-1.562432033578994,320,-1.3245703700298286,868,-1.4500106494565017,320,-1.3262044312276482,967,-1.4691763570128547,340
diabetes.bif,5000,-0.04128764601336934,1650,-0.19192794339445973,1150,-0.6475060181957195,229,-0.6033199952220364,600,-0.6490838478136524,481,-0.5970303064364041,550,-0.04223757089757089,240,-0.30664080420832135,180,-0.04238831454265653,325,-0.28472822636633116,190
diabetes.bif,5000,-0.06784003715468212,495,-0.06823167658232812,459,-0.2205578495231899,110,-0.2294210142504732,297,-0.15148654760408958,243,-0.15229664674247992,297,-0.06764979227586478,79,-0.07827646060218878,117,-0.06786023922713876,130,-0.07530516710822385,108
diabetes.bif,5000,-0.23689790386528306,770,-0.236869859861537,630,-0.2607350121918005,105,-0.46504639249679314,182,-0.25699693024020315,139,-0.40103341108035817,210,-0.2312654110360243,196,-0.30661505859199634,119,-0.23108995936680657,202,-0.28925487431080477,126
diabetes.bif,5000,-0.5914444263861028,550,-0.6367722853127611,250,-0.6121202188451305,89,-0.6584655347173917,200,-0.6104919882040586,87,-0.6532985445203179,155,-0.5833659849991512,205,-0.6020071774867602,105,-0.5837793998079612,197,-0.594247637046704,85
diabetes.bif,5000,-0.008282534798031127,576,-0.010342946430670054,408,-0.018561171805326817,35,-0.032831858690786295,168,-0.010112361185001967,150,-0.024152428671886612,144,-0.008355017692715898,59,-0.028371733907453556,168,-0.00865289666939677,129,-0.024152428671886612,144
diabetes.bif,5000,-0.007720420032875444,1890,-0.4123292567327936,465,-0.21456007487363696,131,-0.4920942069143437,300,-0.0579507757274607,477,-0.30794792399473747,270,-0.010599563999115394,41,-0.07438076270896715,210,-0.011277614433274599,288,-0.07438076270896715,210
diabetes.bif,5000,-0.011392360566926173,1862,-0.20927300616059744,938,-0.6332142205732264,251,-0.45603902843658095,462,-0.7312634735824943,451,-0.44172022638367453,434,-0.00787456505339602,45,-0.06543667036003999,182,-0.0079742349393567,56,-0.06543667036003999,182
diabetes.bif,5000,-1.4392663398519927,6720,-1.5919447082849245,1920,-1.4062330901774633,428,-1.6243118910487895,360,-1.399050310983999,592,-1.5483187198000479,320,-1.3110814292929902,809,-1.5187009696221738,300,-1.312078096821047,910,-1.532138711534036,260
diabetes.bif,5000,-0.03701125074758629,1650,-0.17525350643385476,1150,-0.6396757641477683,227,-0.6496185202010318,560,-0.6472772078440312,446,-0.5518841706467441,560,-0.03718869661848184,230,-0.1770855155605014,200,-0.03719106402300512,268,-0.1795535575258973,200
diabetes.bif,5000,-0.06759718905305973,495,-0.09701071888904507,423,-0.22013115859132595,111,-0.2198793285644731,297,-0.1633163502390099,227,-0.14738212770813014,306,-0.067974309641838,90,-0.06724607746195817,117,-0.06714997976942798,122,-0.06999928246048348,117
diabetes.bif,5000,-0.2399872244884717,770,-0.2399796356803184,630,-0.26221349970871527,101,-0.47009018363845234,182,-0.2602097396849156,138,-0.4177706939805235,189,-0.23547035456608637,207,-0.3178989888474693,126,-0.23575964124232424,225,-0.30359476648125067,140
diabetes.bif,5000,-0.6057239782863683,550,-0.6263696236161321,300,-0.6141381457462457,85,-0.6374744521329658,210,-0.6133834881293008,85,-0.623488090390744,170,-0.5925942681886825,196,-0.634154321242497,100,-0.5921976787275723,193,-0.6036676189936868,100
diabetes.bif,5000,-0.005489480422005488,576,-0.0075513204048508935,408,-0.013788585171941701,40,-0.028416630817033047,168,-0.007173924728778658,151,-0.02185895385580842,144,-0.0066858386526364765,49,-0.024364614874777167,168,-0.00656908037951922,142,-0.02185895385580842,144
diabetes.bif,5000,-0.008793941223509726,1890,-0.4089530472207159,465,-0.20484129659621944,136,-0.5164998867540529,285,-0.0431007038894364,509,-0.27452877937414866,285,-0.007660011684341208,58,-0.07741803229556748,210,-0.008619614991919053,313,-0.07741803229556748,210
diabetes.bif,5000,-0.015037623038499703,1862,-0.21077995762736354,938,-0.6023888674235732,251,-0.45507094343025795,462,-0.6314954731056763,473,-0.4405064128885701,448,-0.010030801106863822,41,-0.06809722285913292,182,-0.009989973187129374,51,-0.06809722285913292,182
diabetes.bif,5000,-1.454240478324636,6720,-1.6216611627948931,1520,-1.397972400442109,437,-1.6407531943527431,300,-1.3896698123828943,578,-1.5490292744178866,320,-1.3181369240075456,833,-1.450303799371011,320,-1.319527913193945,926,-1.4462616581078283,320
diabetes.bif,5000,-0.032262984783475245,1650,-0.22592380493733957,1050,-0.6331634070456722,228,-0.6530488818966121,550,-0.6377493274448629,448,-0.6001594378859025,510,-0.03565430940422887,251,-0.29252693658648893,230,-0.035839660833545596,330,-0.1962829870773372,270
diabetes.bif,5000,-0.07197827637724909,495,-0.07244430729015594,459,-0.23361976043620852,108,-0.2289574068457533,297,-0.1569910073537051,232,-0.15194444197704068,297,-0.07295120757322779,85,-0.09760107189005104,108,-0.07202383060115754,125,-0.08233728622813322,108
diabetes.bif,5000,-0.22982678800323098,770,-0.22980979418132605,630,-0.24930106852899053,102,-0.45836888340669957,196,-0.24799455670581133,135,-0.42881343831542207,182,-0.2254374087285787,206,-0.2890998006789576,140,-0.22523067916274922,235,-0.29563224430693064,133
diabetes.bif,5000,-0.5893180889382689,550,-0.6120196490619333,300,-0.6108106634472275,87,-0.6829730675575875,165,-0.6090742991981383,86,-0.6476295818925644,155,-0.5851332499285162,208,-0.6084798971489132,100,-0.5842833990417228,218,-0.6124770387894147,90
diabetes.bif,5000,-0.011377459588620435,576,-0.01310647622586364,408,-0.018433322697162753,42,-0.03270513730235552,168,-0.013331061396200045,145,-0.051485869359622814,132,-0.011297492039131073,100,-0.050437963585471424,156,-0.011283266553854572,155,-0.051485869359622814,132
diabetes.bif,5000,-0.015536877849158155,1890,-0.41981187204384707,465,-0.21174957052871987,134,-0.5284690875399684,285,-0.04340610868416401,690,-0.2573193736039317,300,-0.01393523717310899,79,-0.08893619038986447,225,-0.014756894021202584,337,-0.08893619038986447,225
diabetes.bif,5000,-0.010546808625960843,1862,-0.21665875873736304,938,-0.6438773388898218,254,-0.47681787968600603,448,-0.7266950974575811,464,-0.42150485860112524,462,-0.0036366262479198964,67,-0.06123324119517902,182,-0.0038420052705139206,84,-0.06123324119517902,182
diabetes.bif,5000,-1.4580903176386169,6720,-1.6162269209331672,1520,-1.4032455724630364,433,-1.6270661854823758,340,-1.3968506821212645,605,-1.5567787368557082,340,-1.3133641476136864,818,-1.4894905613434883,300,-1.3144155201464254,944,-1.4681791296613556,300
diabetes.bif,5000,-0.032984821689604614,1650,-0.22412815522060456,1050,-0.6322845837518792,223,-0.6951979407825188,530,-0.6523873934304147,431,-0.6113575497475077,510,-0.03537633835591539,276,-0.29065517898208515,210,-0.035504537722463154,325,-0.29065517898208515,210
diabetes.bif,5000,-0.06606072778831623,495,-0.06650911027630982,459,-0.225329600396012,109,-0.2208127059268953,297,-0.17255148054235758,252,-0.16133341500948215,288,-0.06628103806145978,101,-0.08152185099208835,117,-0.065852991921182,149,-0.07821403044127173,108
diabetes.bif,5000,-0.23061357804041563,770,-0.23063283863383527,630,-0.2551621216139428,103,-0.4401940475164833,203,-0.2530934146128185,143,-0.41158610983848376,196,-0.2276331304476791,194,-0.31702025301884057,147,-0.22739653129429802,220,-0.28822332409678764,147
diabetes.bif,5000,-0.6018428863259565,550,-0.6423785644858634,250,-0.6098889870828572,85,-0.6744635796146181,175,-0.6082123580970621,85,-0.6874551693900757,175,-0.5888861737024906,183,-0.5892008481638243,70,-0.5886603643990568,195,-0.5983774993153523,85
diabetes.bif,5000,-0.004438764133950992,576,-0.0058253673822949706,408,-0.00939535194680206,39,-0.018804678925958017,180,-0.006025845721983421,158,-0.024973456360674585,144,-0.006090908320689587,49,-0.023540351929028085,168,-0.005604080521521078,143,-0.024973456360674585,144
diabetes.bif,5000,-0.014014136913339257,1890,-0.42591809091091054,465,-0.2014151494791749,133,-0.5094278139761804,300,-0.05402184524585716,561,-0.2622974226484752,300,-0.018070393313851456,53,-0.0855612491896576,210,-0.016129696689225193,302,-0.0855612491896576,210
diabetes.bif,5000,-0.018262351919549138,1862,-0.21414705573420878,938,-0.6180345897131302,258,-0.46437315494690984,462,-0.7190545709200161,467,-0.3964461461034339,476,-0.013902916307689686,69,-0.07152672812017413,182,-0.013706210911797018,90,-0.07152672812017413,182
diabetes.bif,5000,-1.4755732534633133,6720,-1.6415987960784197,1520,-1.4191638677940321,450,-1.6289045922591634,320,-1.4122380469417737,629,-1.571399452550684,340,-1.334514147240889,796,-1.475364867159054,300,-1.3347587711206983,908,-1.4699922205889446,280
diabetes.bif,5000,-0.0297640656872857,1650,-0.1612476029879046,1150,-0.6301540181985168,230,-0.6476052954754186,550,-0.6661728543518247,432,-0.5563764983208254,540,-0.03311611178283463,254,-0.2074938993934829,240,-0.033029584557974986,337,-0.19256329561958527,250
diabetes.bif,5000,-0.07230157595407663,495,-0.09976997298926302,423,-0.2283981738755649,108,-0.23491720479222072,297,-0.18407139603892844,241,-0.18034619491503703,279,-0.07252210330567778,77,-0.08557371402563735,117,-0.07243450752983235,108,-0.08056523744815433,108
diabetes.bif,5000,-0.2404060163575793,770,-0.27595857740958424,560,-0.2628430937442911,104,-0.48704135631957307,175,-0.2600788198680852,141,-0.4476406329960474,189,-0.23558128299042555,206,-0.2902760276997647,119,-0.234994102627572,220,-0.29153012921303817,140
diabetes.bif,5000,-0.5886064932703857,550,-0.6108475228052511,300,-0.6006940916266709,85,-0.6584098368986816,200,-0.599319125306952,85,-0.6144503882116873,145,-0.5769814973475308,204,-0.576587845132053,75,-0.5766588310849956,211,-0.5821655115703858,75
diabetes.bif,5000,-0.0092045722190294,576,-0.012960365929121295,408,-0.017830069501144904,44,-0.031800155117478655,168,-0.010179011595103198,146,-0.018875255579864716,156,-0.009724624050908546,89,-0.028508298409088247,168,-0.009560986243973727,150,-0.018875255579864716,156
diabetes.bif,5000,-0.011753947325207095,1890,-0.4232069058557602,465,-0.21364043348674294,125,-0.40656835417515363,345,-0.05308150787996741,673,-0.27252650838878156,300,-0.017115348381237003,64,-0.07828362373962208,225,-0.015086004083918638,315,-0.07828362373962208,225
diabetes.bif,5000,-0.010608010460012501,1862,-0.20206694252472532,938,-0.6285805976900373,241,-0.4972073392272942,434,-0.7187919490363022,454,-0.42960485463652914,448,-0.0082417120122403,73,-0.07318498938914672,182,-0.008082232228124075,90,-0.07318498938914672,182
diabetes.bif,5000,-1.4744915555904767,6720,-1.6298638718423715,1520,-1.4158955500645098,444,-1.700808372494109,320,-1.4072276139238764,604,-1.5764163300723248,320,-1.3325520895744392,861,-1.5142835394429106,300,-1.3347759293958315,954,-1.486254734933914,320
diabetes.bif,5000,-0.026109626684885166,1650,-0.21530588953757465,1050,-0.6158727425197591,226,-0.6564383232747516,530,-0.6471446761296695,469,-0.5178775589763014,520,-0.02968278620335643,275,-0.30197819374281903,220,-0.029763211043981882,343,-0.3024497249181025,220
diabetes.bif,5000,-0.0664520134319203,495,-0.0940326597700834,423,-0.21837800587088876,109,-0.22511111180594975,297,-0.1510332935156132,239,-0.1970541553475868,261,-0.06582760184168508,93,-0.08646902468597908,117,-0.0658642206243532,140,-0.07018198932149917,117
diabetes.bif,5000,-0.24308701145791115,770,-0.24305671936208317,630,-0.2652853745302404,106,-0.4762044936288378,189,-0.26244347756629943,143,-0.4505280695859273,189,-0.2365513857731998,191,-0.32704798326623724,126,-0.2363756428552805,198,-0.2987330370458004,133
diabetes.bif,5000,-0.5790042386318274,550,-0.6272840394056026,250,-0.6012513938491937,90,-0.6549199820322615,190,-0.5993353229746882,85,-0.6151881568174904,170,-0.5709936452367116,197,-0.5897094214934968,95,-0.5709708606702077,201,-0.5912491103066139,85
diabetes.bif,5000,-0.007191250764008137,576,-0.008253811797989305,408,-0.016003956950830053,34,-0.029207583418067826,168,-0.008317907758862113,154,-0.028758219896967245,144,-0.007298346552552448,42,-0.02571283610309141,168,-0.00742617008014006,121,-0.02892370352771891,144
diabetes.bif,5000,-0.00806355158658091,1890,-0.4217270582591019,465,-0.22235068291581284,132,-0.47695032654781233,315,-0.036900321214246926,620,-0.2306105758057291,315,-0.010805062233229773,59,-0.052189097593896235,225,-0.01071915094562043,325,-0.052189097593896235,225
diabetes.bif,5000,-0.01645302117421753,1862,-0.16513200313790805,1022,-0.6660743297204246,241,-0.4700612507506478,448,-0.7660786185678347,464,-0.4212049203565633,448,-0.013405138569831226,72,-0.06962909651959619,182,-0.01323889890408673,94,-0.06962909651959619,182
diabetes.bif,5000,-1.4287951692851641,6720,-1.5711518347716922,1920,-1.3910205632731183,444,-1.6100730385241622,320,-1.386030098843151,601,-1.5455331000764443,320,-1.3080441176578907,821,-1.4229560247608461,400,-1.3084253150619987,1010,-1.411363409073954,400
diabetes.bif,5000,-0.03048371031773393,1650,-0.16943521105101944,1150,-0.6245347969431948,231,-0.7087966699046395,520,-0.6637005104554307,432,-0.5605547958153788,520,-0.032850160200738866,274,-0.3041387101705738,240,-0.03271653682891564,346,-0.3178125605248587,240
diabetes.bif,5000,-0.06443657813984617,495,-0.06542016534676015,459,-0.22486293951092734,109,-0.21815889381505477,297,-0.16892217529330447,265,-0.14953167698388464,306,-0.0643679352573809,105,-0.06533260003044375,117,-0.06422939498377296,151,-0.07352337765333408,108
diabetes.bif,5000,-0.2438719255841205,770,-0.24383943985533002,630,-0.2661155771721991,106,-0.497832773093574,182,-0.26384098170694,140,-0.4586678636367624,203,-0.24175449112621492,217,-0.2986026824488882,147,-0.24127614859246865,238,-0.3005529078448414,154
diabetes.bif,5000,-0.57908927751986,550,-0.6228505263570574,250,-0.5994559341967485,87,-0.6661721923085828,180,-0.5972499574195401,91,-0.6301030549619088,155,-0.5714297823789748,207,-0.5897540723730998,85,-0.5708341306645909,220,-0.583808758245123,80
diabetes.bif,5000,-0.011342485420658239,576,-0.012153859582913708,408,-0.017234535586053455,36,-0.039815510963553465,168,-0.011839308583425094,154,-0.027803615267611586,144,-0.011202797050644444,54,-0.03222137746914558,168,-0.011024412673107605,128,-0.027803615267611586,144
diabetes.bif,5000,-0.003525302485704865,1890,-0.418569958043765,465,-0.19121504449075147,133,-0.47882178130276587,300,-0.030727281648814005,488,-0.2461494493475165,300,-0.005282947638618684,39,-0.07400926842571053,210,-0.0064327207230069705,276,-0.07400926842571053,210
diabetes.bif,5000,-0.014007079912222102,1862,-0.10021002585615146,1106,-0.631328425466399,251,-0.4132896291635393,476,-0.7247706767815584,447,-0.38054184918217765,476,-0.01151912651687162,60,-0.0688679516559182,182,-0.011505363440865111,82,-0.0688679516559182,182
diabetes.bif,5000,-1.4647149063296165,6720,-1.6150939232833212,1920,-1.4161155694266094,442,-1.5884980486717388,360,-1.4095991912139088,626,-1.571538117331755,340,-1.329233098626103,847,-1.4859326296120212,320,-1.3299887892691509,980,-1.4619561902379112,360
diabetes.bif,5000,-0.027565606235715717,1650,-0.1662306383767988,1150,-0.6246503123653447,232,-0.6506573293619904,540,-0.6482346058377715,483,-0.42978643493665714,570,-0.031802410016749195,257,-0.2721000155499289,210,-0.03198064513303107,342,-0.2721000155499289,210
diabetes.bif,5000,-0.0666184086840234,495,-0.11943599614038992,387,-0.24167644063356197,104,-0.2233926795664992,297,-0.16936094520636572,230,-0.18541420534797262,270,-0.06709087799792132,77,-0.07005562426039214,117,-0.06694365358091961,106,-0.07358922022909739,117
diabetes.bif,5000,-0.2664855073466784,770,-0.2664354139910701,630,-0.2833265336016216,102,-0.49827143587742356,196,-0.28048995153050776,148,-0.46929953719623335,189,-0.2562764684509547,201,-0.3509467044000747,119,-0.25636683328382853,225,-0.33052976557027103,133
diabetes.bif,5000,-0.578547297937552,550,-0.622887652844478,250,-0.5951963838756805,89,-0.7085786343893569,155,-0.593855387591003,87,-0.6580739723289556,185,-0.5710469608747052,179,-0.5788008784009265,80,-0.5709550468035767,194,-0.5923459446739101,100
diabetes.bif,5000,-0.00870121479389591,576,-0.00961119840950642,408,-0.01754603094068256,38,-0.03679705287890793,168,-0.009941776064601632,145,-0.045930851622253514,132,-0.008852703142921964,78,-0.03086994200368157,168,-0.008785032340295464,133,-0.045930851622253514,132
diabetes.bif,5000,-0.009390430974151088,1890,-0.4113484694503506,465,-0.20906586692052825,125,-0.46034033334545404,315,-0.04621116074395748,568,-0.3259650945929435,270,-0.012958136113643975,55,-0.0504545587488843,225,-0.012119132246519405,332,-0.0504545587488843,225
diabetes.bif,5000,-0.01626900285402295,1862,-0.21945176564928606,938,-0.6230833325302154,231,-0.4773311733655434,448,-0.7238950070124782,463,-0.4272670507678903,448,-0.012583747178969835,68,-0.0658622289919481,182,-0.012503499193896312,87,-0.0658622289919481,182
diabetes.bif,5000,-1.4653479826985296,6720,-1.64380736219411,1520,-1.405043255457158,420,-1.6246051610938799,320,-1.3998500823734688,598,-1.5663005072090317,340,-1.3370004861927607,813,-1.4992230240083124,280,-1.3381969910732368,923,-1.4623887830337488,300
diabetes.bif,5000,-0.029496630619904016,1650,-0.15998512945492405,1150,-0.6203420587470962,228,-0.6262774431106882,570,-0.6091134191058076,427,-0.4904331628938445,560,-0.032078288038391745,270,-0.27988388167005407,250,-0.032052598820511605,343,-0.27988388167005407,250
diabetes.bif,5000,-0.06199168526663113,495,-0.061945435791343775,459,-0.23562380021408452,107,-0.21551576505386638,297,-0.16637723068541976,228,-0.17060609945177327,288,-0.06201746253656138,92,-0.06147659719129383,117,-0.06180614328816158,128,-0.0684464777034496,117
diabetes.bif,5000,-0.235419350096373,770,-0.2712637841698557,560,-0.25946848572595727,104,-0.4348488971286835,217,-0.25689940577225645,137,-0.3912661606822473,224,-0.22710648277151635,196,-0.2948126916116905,98,-0.2266910906974378,204,-0.29455522910400217,133
diabetes.bif,5000,-0.5887224055300939,550,-0.6133415741646441,300,-0.5977036739843533,87,-0.6537153971463509,215,-0.5958352682454524,89,-0.6578692607027389,200,-0.5782036459421606,216,-0.6303162910513157,95,-0.5778664614974918,217,-0.6037658141201424,110
diabetes.bif,5000,-0.00515559019254512,576,-0.006227930606856645,408,-0.013850229910361918,39,-0.02867793969232023,168,-0.0075659133426219626,155,-0.02782342974790953,144,-0.006141321279941522,76,-0.024101042623019344,168,-0.006211475407609267,171,-0.02782342974790953,144
diabetes.bif,5000,-0.00413638345944899,1890,-0.4120397761884068,465,-0.17777337534413765,137,-0.4759610413105712,315,-0.029867681583905663,632,-0.24528220101748843,300,-0.0039028246610643366,89,-0.07317483643844674,270,-0.00534161784511992,300,-0.07317483643844674,270
diabetes.bif,5000,-0.013404939947143472,1862,-0.1506091748351975,1022,-0.6156786853831463,240,-0.43878619384728007,462,-0.7025727342997312,468,-0.4321493151374463,448,-0.012461469272218972,76,-0.06697945785127744,182,-0.01223700101278112,101,-0.06697945785127744,182
diabetes.bif,5000,-1.5151438437445697,6720,-1.6713594635227706,1520,-1.4233860429242793,438,-1.6229334557275374,320,-1.4181535829839818,602,-1.584084377215372,300,-1.3477461943668119,890,-1.5122293354156762,360,-1.3495603483689225,1030,-1.4843226544832129,360
diabetes.bif,5000,-0.028609085275876016,1650,-0.1568834638234174,1150,-0.6330627277747863,233,-0.6483358253207463,540,-0.6525101092165875,407,-0.5794190924842917,530,-0.03252699624808562,278,-0.3444960825440175,180,-0.03250504761781633,349,-0.2693715968901223,210
diabetes.bif,5000,-0.06789589963583201,495,-0.09671764399507805,423,-0.2793519628687263,107,-0.22820007800705167,297,-0.19574076006997473,228,-0.15009449785692724,297,-0.06790703149437463,75,-0.08971085249801089,126,-0.06747863415771407,114,-0.07774341797090438,117
diabetes.bif,5000,-0.24412602269219288,770,-0.26339274698840504,560,-0.26659397192489204,107,-0.4626784548949342,203,-0.26389056040763237,141,-0.41519480959100147,217,-0.23792437553972204,208,-0.3259368376204809,161,-0.23853110589461465,217,-0.3227880541960553,140
diabetes.bif,5000,-0.5779612092133125,550,-0.6233478404647724,250,-0.5972141785862172,85,-0.6277331860971992,210,-0.5953431752619776,88,-0.5944039889632546,145,-0.5719593810684731,195,-0.5759715367457203,70,-0.5715780245325788,209,-0.5773066605954619,80
diabetes.bif,5000,-0.00844260659532657,576,-0.009097619178684064,408,-0.014526292239999856,39,-0.03305778940259189,168,-0.010012005319856255,162,-0.021814514160739353,144,-0.009091787778704591,50,-0.027441038301963448,168,-0.009116544813562336,129,-0.021814514160739353,144
diabetes.bif,5000,-0.014389894071727619,1890,-0.44990698765995374,465,-0.25769108710153243,144,-0.5091011985718208,300,-0.04402387780604123,531,-0.26884467048981336,300,-0.01156583271872492,82,-0.07535062385571534,210,-0.012881866717244252,303,-0.07535062385571534,210
diabetes.bif,5000,-0.019288655506240038,1862,-0.2135415509464739,938,-0.645280137466473,236,-0.4761630994168361,448,-0.7374692133803401,449,-0.42688623774400214,448,-0.013666185213425495,50,-0.0689767740928301,182,-0.01322860004802305,63,-0.0689767740928301,182
diabetes.bif,5000,-1.4747516447907831,6720,-1.635235011686982,1520,-1.403751045725362,425,-1.6274798537857902,340,-1.398996337971741,603,-1.5796337057058458,340,-1.335151895693463,798,-1.501875302819341,300,-1.3368849025694896,893,-1.5063612454791808,340
diabetes.bif,5000,-0.038542586412859986,1650,-0.21977995259179176,1050,-0.6293270175559852,233,-0.6580168042057307,550,-0.6698608424796269,430,-0.5511683676086283,520,-0.040007514948275216,247,-0.2617886106134775,180,-0.03997377584328626,311,-0.25284049981886736,180
diabetes.bif,5000,-0.07422283183837768,495,-0.10379890166687092,423,-0.23045454081920588,109,-0.23431443849202105,297,-0.14987990073718857,263,-0.16300357186651263,279,-0.0739342971059015,80,-0.08847189112825901,117,-0.07348377508007911,112,-0.0845634088950029,108
diabetes.bif,5000,-0.2339469821061131,770,-0.25582981481986067,560,-0.2608068865278545,110,-0.46783014767433895,203,-0.2582223944199998,157,-0.41816868492703096,217,-0.22968495047563392,194,-0.29835774529230163,140,-0.2297719624754553,216,-0.305032668746346,161
diabetes.bif,5000,-0.5883282790135456,550,-0.6077969444715204,300,-0.6065551623240187,87,-0.6843454544361536,180,-0.604888521568761,85,-0.6231141666458418,145,-0.581197366505565,185,-0.5923740492796622,95,-0.581030168347441,205,-0.6098603273977132,90
diabetes.bif,5000,-0.009196734662750358,576,-0.009957042665542502,408,-0.014093800436255308,38,-0.021082902323577953,180,-0.010306053515871352,158,-0.02407326088810789,144,-0.00941618594261931,46,-0.025566029651591993,168,-0.00948609469357221,142,-0.0210351726953438,144
diabetes.bif,5000,-0.015716886201107776,1890,-0.430437883956664,465,-0.232575208583935,131,-0.5225098524566304,300,-0.06422033397960758,603,-0.3316733451902696,270,-0.023313383941277015,83,-0.08794145737276315,240,-0.02034769317704232,302,-0.08794145737276315,240
diabetes.bif,5000,-0.01017477246272708,1862,-0.2016097560891251,938,-0.6287388843479331,250,-0.4470598302886327,462,-0.7139763993635486,450,-0.4159227059764381,462,-0.013421349877686692,46,-0.06475458369057953,182,-0.013140143470116807,64,-0.06475458369057953,182
diabetes.bif,5000,-1.4626607188699037,6720,-1.6136100081692069,1920,-1.4078412916038863,439,-1.6357045340907836,300,-1.4025682306941587,599,-1.579141492250856,280,-1.32077202927728,818,-1.5102766750882153,300,-1.3223716056773458,926,-1.48741060558085,340
diabetes.bif,5000,-0.031346902443148,1650,-0.15551960325765146,1150,-0.6200051995107365,231,-0.6112845796944382,560,-0.6572670885166525,469,-0.5352191350671933,540,-0.03354317652763696,277,-0.2672796776024408,230,-0.033592118724927886,352,-0.29372701570492893,220
diabetes.bif,5000,-0.0713548692084966,495,-0.09948502679833508,423,-0.2256638889986289,112,-0.22497737997152503,297,-0.18167354480306266,251,-0.16870762032477168,288,-0.07010242462227438,108,-0.07324310960482967,117,-0.06966893929128823,133,-0.07974578549667098,108
diabetes.bif,5000,-0.2427661664688195,770,-0.24273938931254452,630,-0.26562842432402584,104,-0.4908748445499763,189,-0.2640434842086843,138,-0.4399085166098196,217,-0.23871104440070812,202,-0.2939194609311658,126,-0.23875180681428315,200,-0.2871281948648109,126
diabetes.bif,5000,-0.5919958692899683,550,-0.6131876750835544,300,-0.6096287239560274,89,-0.7150294170835848,165,-0.6082131748388602,86,-0.6385784408151508,185,-0.5824106377757998,205,-0.6213261112025231,115,-0.5823229104210494,233,-0.5969597216546055,100
diabetes.bif,5000,-0.003369289816228095,576,-0.0055193972108605,408,-0.01497498965757824,36,-0.03309216271034751,168,-0.004845165219772303,158,-0.02848749512806137,144,-0.003750404481318364,61,-0.02595234152556473,168,-0.003794215282134993,134,-0.02848749512806137,144
diabetes.bif,5000,-0.007037314998808721,1890,-0.42068604862356895,465,-0.21388002682115256,135,-0.4369764190306844,330,-0.05652744599043071,656,-0.3138738612503637,270,-0.00919549403493911,78,-0.07526841282756248,255,-0.009568979070411996,305,-0.07526841282756248,255
diabetes.bif,5000,-0.009721184940610868,1862,-0.2001906017127247,938,-0.6148091185284453,253,-0.4305958952502156,462,-0.7064937300739575,478,-0.3906622091677149,462,-0.00613257659288484,49,-0.06009427204987055,182,-0.006158111738081269,68,-0.06009427204987055,182
diabetes.bif,5000,-1.4816933568411652,6720,-1.6523779835431072,1520,-1.423311595452022,429,-1.676100235613553,300,-1.4180624302888034,604,-1.5931554333403382,300,-1.32984673870328,821,-1.4833658323970724,340,-1.329829744386025,940,-1.4833658323970724,340
diabetes.bif,5000,-0.034052592986257034,1650,-0.11677402110316584,1250,-0.6301476866467266,235,-0.6305982710667083,550,-0.6769493799536315,442,-0.5249295482198856,560,-0.03634933848351727,240,-0.32289550163354874,190,-0.0358754676638324,329,-0.26767057720737947,210
diabetes.bif,5000,-0.0687005093328296,495,-0.09604488101717121,423,-0.233917536970727,108,-0.23145799258563793,297,-0.16848807932906928,248,-0.17071769291535785,288,-0.0692873800279594,79,-0.07155102169170224,117,-0.06918740776961747,139,-0.07798031422563792,108
diabetes.bif,5000,-0.25239860736701614,770,-0.25224276001169194,630,-0.2708502112932231,106,-0.45892026544315223,196,-0.27039670597618076,143,-0.3963646357585485,231,-0.24364820916087337,206,-0.32714186645477855,140,-0.24374410764109444,219,-0.313169625377719,133
diabetes.bif,5000,-0.5883111543651114,550,-0.6193032521473405,250,-0.5931877612936713,87,-0.6036504479125547,220,-0.5915963954781291,86,-0.6042117801921888,215,-0.5740703328845044,189,-0.5853548094591452,90,-0.5733932874669404,197,-0.5804437315208465,105
diabetes.bif,5000,-0.0052717031312667475,576,-0.006745337151985937,408,-0.013906271400113392,38,-0.034866441238157,168,-0.00661803544622406,161,-0.022731102280411707,144,-0.0053460770322988965,56,-0.028165882899382603,168,-0.005512094526271322,128,-0.022731102280411707,144
diabetes.bif,5000,-0.014308874064007202,1890,-0.4325226522190382,465,-0.22936607854068644,125,-0.5530268440883576,285,-0.057012077269751625,588,-0.32925202969687306,270,-0.015534266646909833,49,-0.07163439582880193,210,-0.015095221545729131,279,-0.07163439582880193,210
diabetes.bif,5000,-0.012019531387582043,1862,-0.20741264284662525,938,-0.5943823267369295,242,-0.4751663396289483,448,-0.7125557755932207,464,-0.43332079976639154,448,-0.0088801537784803,66,-0.06446886359792627,182,-0.00885629105805846,69,-0.06446886359792627,182
diabetes.bif,5000,-1.4643153532493511,6720,-1.6393976059214104,1520,-1.4196703436929172,437,-1.6273893837578404,320,-1.41243599432782,616,-1.5666579679004138,320,-1.337598455951713,780,-1.4999657249137344,300,-1.339975889331174,896,-1.4668244498381824,300
diabetes.bif,5000,-0.03804970469791348,1650,-0.21803709431443363,1050,-0.6202503764477119,228,-0.5924267233367719,570,-0.6302764567872522,426,-0.5264684311112086,550,-0.038210747786869254,274,-0.22754226317289528,220,-0.038210259567108835,329,-0.22754226317289528,220
diabetes.bif,5000,-0.06999462890336393,495,-0.09737234948360382,423,-0.25202966805994187,108,-0.211249494372988,306,-0.18469053506903368,250,-0.1571877020091953,288,-0.0688978175133748,94,-0.08558660665450603,117,-0.06949954025714239,148,-0.10060839531619623,99
diabetes.bif,5000,-0.23300561202255135,770,-0.23287149607390079,630,-0.26081493472770645,110,-0.45460280278668624,203,-0.25766707200015815,141,-0.4088850975255142,224,-0.2309166011008626,209,-0.2721511275451294,112,-0.23055231030077408,214,-0.30531180419545173,133
diabetes.bif,5000,-0.5761797119962172,550,-0.6209044300452651,250,-0.5999055722689505,89,-0.7023496289021315,150,-0.5982870294058259,92,-0.7059716007173155,125,-0.5714503118242471,204,-0.5836407150250009,110,-0.571601422327433,203,-0.5829098301245037,100
diabetes.bif,5000,-0.009870438414023758,576,-0.011746822865550914,408,-0.02118520828740365,38,-0.02515806067530423,180,-0.012276075624364755,160,-0.045810971704987866,132,-0.011606586722716666,78,-0.034536535212817986,168,-0.011181932508921933,151,-0.030604385007236886,144
diabetes.bif,5000,-0.008151988179377333,1890,-0.41805803170188355,465,-0.18808096461243254,128,-0.4782125530404911,300,-0.041357474108795055,599,-0.33075577366891146,255,-0.011683191130014769,47,-0.0795744457666214,210,-0.011424001921151108,279,-0.0795744457666214,210
diabetes.bif,5000,-0.011322633033457737,1862,-0.1533778052935055,1022,-0.61819764192648,252,-0.46276387400063723,448,-0.7153723198382779,461,-0.39862123148424583,462,-0.011669479460077408,84,-0.06603938497871074,182,-0.011565583513774484,107,-0.06603938497871074,182
diabetes.bif,5000,-1.468558245610947,6720,-1.6068026986779764,1520,-1.416685802983728,444,-1.661765588618708,320,-1.4099519441318178,613,-1.570728584613128,340,-1.3298833238955257,806,-1.445942147730114,340,-1.330679879199233,914,-1.4844449019226755,340
diabetes.bif,5000,-0.03201975680542212,1650,-0.15617724651689838,1150,-0.6134854761754905,229,-0.663753247886689,530,-0.6262431910592773,459,-0.5622469747599075,540,-0.032556368740494154,271,-0.2758181831222804,210,-0.03238945655681688,328,-0.3197403133511517,200
diabetes.bif,5000,-0.06363104977803956,495,-0.09316145605236725,423,-0.22003518505474012,110,-0.22086492521058668,297,-0.1654415336346721,238,-0.15810813831113127,288,-0.06452640759793651,89,-0.06717421811897503,126,-0.06410979240542877,130,-0.07027335249283188,117
diabetes.bif,5000,-0.22797334825016596,770,-0.2634085274712605,560,-0.2524180113925221,103,-0.4713730668758538,203,-0.2501180032317646,152,-0.4454299864870036,189,-0.22661817954156432,195,-0.30912810046872957,133,-0.22609523424050335,203,-0.28104998772941114,154
diabetes.bif,5000,-0.5696623727788659,550,-0.5936130460637469,300,-0.5907720571777668,84,-0.6253367046649133,205,-0.5889467283006761,86,-0.6258829586683116,200,-0.5653004259400667,192,-0.5892447356738723,100,-0.5648454123919934,207,-0.5761460511533372,105
diabetes.bif,5000,-0.00494954265814324,576,-0.005798319233311334,408,-0.007967409562158596,38,-0.024629952839680412,168,-0.006229917111200979,166,-0.02076985546370888,144,-0.006181920301719113,39,-0.021709784808065093,168,-0.0057741725721634,143,-0.02076985546370888,144
diabetes.bif,5000,-0.009409901286056054,1890,-0.4232516814088352,465,-0.18947646510788183,128,-0.5038136324622505,300,-0.05505777344202085,633,-0.32428807606758336,270,-0.012457091038006365,49,-0.10080332863704349,225,-0.012480737004769394,260,-0.10080332863704349,225
diabetes.bif,5000,-0.015920785172258704,1862,-0.1615976723419401,1022,-0.6214828015505425,242,-0.4881127164568383,448,-0.7183752620275426,439,-0.44051602419457925,448,-0.013245007650401465,36,-0.07501553418734329,182,-0.013261591556780519,44,-0.07501553418734329,182
diabetes.bif,5000,-1.4654268392240017,6720,-1.6074857592446081,1920,-1.4215062676951078,426,-1.6410555591018114,300,-1.4137378882206328,581,-1.5775558022070102,320,-1.3217479229029363,796,-1.525730256977581,280,-1.321002933436386,934,-1.5178429614136817,280
diabetes.bif,5000,-0.03179723134727291,1650,-0.16531680500928866,1150,-0.6173037255482008,232,-0.6407067283059167,560,-0.6658183978109264,414,-0.5613279453446183,550,-0.03515367039987195,262,-0.2911158007722918,200,-0.03478467729164406,316,-0.2911158007722918,200
diabetes.bif,5000,-0.06398191552485294,495,-0.06455784887381792,459,-0.2142602272599188,109,-0.21228860701522026,306,-0.16400118094578786,231,-0.11979607836438479,333,-0.06291450450029511,102,-0.06410113035640248,117,-0.06284067115909506,138,-0.07136349743446344,108
diabetes.bif,5000,-0.24520305646371202,770,-0.2452110552531508,630,-0.268519154362389,104,-0.4710656249894384,203,-0.2663929833243611,149,-0.4152386814298676,224,-0.24236686060112955,204,-0.3403946922865658,133,-0.24221130354071774,217,-0.3264795593182472,126
diabetes.bif,5000,-0.5775374096575112,550,-0.6317704084400788,250,-0.5950184954765589,84,-0.644415844390033,180,-0.592849810077095,87,-0.6400365519045583,130,-0.5686234363900726,187,-0.6040402456987652,95,-0.5685952396655731,208,-0.587952841751692,100
diabetes.bif,5000,-0.0052946150917534615,576,-0.006598589896378171,408,-0.01414026947703515,38,-0.028809999961533248,168,-0.008253983858859787,166,-0.030251643418708885,144,-0.007663795638798331,37,-0.025327461557439066,168,-0.007252831721595455,141,-0.030251643418708885,144
diabetes.bif,5000,-0.010111030613316207,1890,-0.43724336205367653,465,-0.24429451117268478,129,-0.49977413063058657,300,-0.053275150605384486,528,-0.3276449197708514,270,-0.011161828047080758,46,-0.06086017742666427,210,-0.011747055000648354,287,-0.06086017742666427,210
diabetes.bif,5000,-0.010129942359291415,1862,-0.20699411582700195,938,-0.6504964058940241,248,-0.4759783882261772,448,-0.7450845979211735,445,-0.41185067751900034,462,-0.007654247139349009,42,-0.06346208968607109,182,-0.0078037337095544015,61,-0.06346208968607109,182
diabetes.bif,5000,-1.485035122366767,6720,-1.6037607808322578,1920,-1.4045618139711855,441,-1.5793831732624655,380,-1.3977690668424823,583,-1.5655529925188456,380,-1.3418285556258036,856,-1.4590918699792186,360,-1.3437264502907502,944,-1.4653203010100135,380
diabetes.bif,5000,-0.03199067343993466,1650,-0.21487011152448132,1050,-0.6070338689780348,226,-0.6314390687754665,560,-0.6078734495119301,428,-0.5702724322811423,510,-0.03518007115449133,251,-0.26424810790189013,260,-0.0346122547717378,305,-0.2847041568530748,250
diabetes.bif,5000,-0.0671290752489375,495,-0.08908317303093867,423,-0.22348886794879436,113,-0.22705327569992464,297,-0.13759075068730942,268,-0.1919917251378487,261,-0.06591522250130913,89,-0.06518227879465095,117,-0.06529169061467656,126,-0.07406185399936663,108
diabetes.bif,5000,-0.24537976751406246,770,-0.28102689178503404,560,-0.2685077855558129,106,-0.4786563500326356,189,-0.26627388220464837,142,-0.43065386911970643,196,-0.23900407383538613,217,-0.30756665886898993,133,-0.23869960975740906,227,-0.2940392458022157,161
diabetes.bif,5000,-0.5920494839564686,550,-0.6313459337675923,250,-0.6039508727147801,87,-0.6752397222585138,190,-0.6024961983864913,83,-0.6470784661849464,165,-0.5807968265610334,201,-0.5976829300999794,100,-0.5807165943828633,213,-0.5952754474348342,80
diabetes.bif,5000,-0.003238946913836788,576,-0.005934937697180919,408,-0.013079378106102709,35,-0.03200067568804399,168,-0.004665620882278733,155,-0.019232877635443516,144,-0.0036475254726412187,58,-0.028413036526638406,168,-0.003665545010576945,140,-0.021503990377269196,144
diabetes.bif,5000,-0.007351875256984843,1890,-0.4179978945809188,465,-0.1882223242617577,131,-0.45927951679540985,315,-0.035560812172688534,550,-0.283808608930324,285,-0.010831970312952143,82,-0.05364880956476453,240,-0.010360547233124396,314,-0.05364880956476453,240
diabetes.bif,5000,-0.011982933339021768,1862,-0.2167085033016447,938,-0.5909121464948883,256,-0.4810487661677587,448,-0.7000739752357503,461,-0.45486350484311544,434,-0.010706582406075778,102,-0.06758716661738765,182,-0.010464016843409914,83,-0.06758716661738765,182
diabetes.bif,5000,-1.4900644116967356,6720,-1.6438698811764973,1520,-1.420002512166834,433,-1.6351923969433828,320,-1.414335660816414,590,-1.5901068986495872,300,-1.3443248152521061,872,-1.4581016811817737,320,-1.345996990148712,970,-1.5181476917614443,360
diabetes.bif,5000,-0.029628499809753038,1650,-0.21556505135818496,1050,-0.607810673242169,226,-0.6254968375338145,560,-0.6027824971729366,429,-0.5185259038399357,550,-0.03283356435405154,271,-0.2753636788971946,230,-0.03296408131174727,334,-0.3048457190094911,200
diabetes.bif,5000,-0.0617181310369653,495,-0.08760704580146451,423,-0.22819380439006254,111,-0.2193145177928867,297,-0.16545806799986187,250,-0.16070993776155454,288,-0.06186344998931752,97,-0.07179373802243603,117,-0.061565245241532555,130,-0.06993518119469742,117
diabetes.bif,5000,-0.24619290560980153,770,-0.24619757035618503,630,-0.2650196894598196,113,-0.47191843036938946,196,-0.2619206675373259,161,-0.4446786173587634,189,-0.23727837047263164,197,-0.31050745483219144,147,-0.23681285715247294,209,-0.2943955895527944,147
diabetes.bif,5000,-0.5805190580071841,550,-0.6044316697411882,300,-0.5970790870165091,85,-0.7205892903686059,145,-0.5950439367594348,83,-0.6833418600234445,130,-0.5684294987687215,200,-0.5720069949603305,70,-0.5680267486657719,206,-0.5750547297265357,70
diabetes.bif,5000,-0.008409156560904732,576,-0.010734778168066915,408,-0.021273147615048022,39,-0.03332139184011554,168,-0.012119482297785148,164,-0.02537119667515638,144,-0.011736865128957679,54,-0.02749414151956424,168,-0.01086861385642457,141,-0.022579911172557532,144
diabetes.bif,5000,-0.009858563326893095,1890,-0.42511397036766146,465,-0.2303291814802532,128,-0.43135621697107007,345,-0.05269105257531499,524,-0.29960126931718034,270,-0.012653504006038619,52,-0.07672664135719998,225,-0.012437862431744494,277,-0.07672664135719998,225
diabetes.bif,5000,-0.010241133895975614,1862,-0.2076228676244369,938,-0.6075399184384387,241,-0.4574362277647387,462,-0.7039446533222604,481,-0.4210346763098853,462,-0.013923698488975999,51,-0.06433234385863347,182,-0.013763923017902911,73,-0.06433234385863347,182
diabetes.bif,5000,-1.4721649628232876,6720,-1.6381366734197906,1520,-1.4239986195615713,442,-1.6653165381134394,300,-1.4175252522362332,592,-1.5725761598017332,320,-1.338363656536812,842,-1.5478165974503102,300,-1.3388575782717866,942,-1.5384241924684736,320
diabetes.bif,5000,-0.029686679363721415,1650,-0.17309377198829468,1150,-0.6138626369183138,226,-0.6482849177375246,540,-0.6017885766264848,421,-0.631291745249997,490,-0.03304536787649097,211,-0.2337628977225792,220,-0.03302783201956118,278,-0.2337628977225792,220
diabetes.bif,5000,-0.06205765014145304,495,-0.062110201165327304,459,-0.23822146181167392,109,-0.21360383296887298,297,-0.16116495568501,277,-0.15626010878395633,288,-0.059642707976047066,88,-0.08368723000901633,117,-0.06007158743706268,142,-0.08898942698536207,108
diabetes.bif,5000,-0.24997238809684377,770,-0.24994654635579086,630,-0.26316389132975637,105,-0.43913341442543485,217,-0.26041342051559274,146,-0.41396280813951297,217,-0.24014991407210054,195,-0.3005452312825096,133,-0.23902552179147996,221,-0.28978392578680956,147
diabetes.bif,5000,-0.5729718699105336,550,-0.6238635114796399,250,-0.5941964844842812,87,-0.6493556868721594,180,-0.5922582463734574,89,-0.651762212189079,180,-0.5674018719503463,199,-0.5889096102442132,95,-0.5672581649756102,193,-0.5785128621013147,105
diabetes.bif,5000,-0.007731369271627287,576,-0.009363448781967374,408,-0.014351623359356757,38,-0.023993163680118782,180,-0.009399546885512998,152,-0.03208617767718622,144,-0.008351495045000181,67,-0.033361405811359546,168,-0.008235050328763658,164,-0.03208617767718622,144
diabetes.bif,5000,-0.012038757354447904,1890,-0.4228171121330877,465,-0.2212501587574357,134,-0.5293560369523708,285,-0.04555488927357958,505,-0.2846931659904626,285,-0.013321525894802408,72,-0.08097766440189515,240,-0.0136405035273046,289,-0.08097766440189515,240
diabetes.bif,5000,-0.008603330781904487,1862,-0.21149930130155334,938,-0.6101882164277682,262,-0.44873779732442054,462,-0.6951061371563771,455,-0.43564274096432737,448,-0.009254149980349595,57,-0.06801326627841721,182,-0.009358483340277508,72,-0.06801326627841721,182
diabetes.bif,5000,-1.4437462889247616,6720,-1.6258190772685468,1520,-1.4211519955519787,430,-1.632476430649264,360,-1.41628290207504,580,-1.5488607225355413,400,-1.3196937895148615,837,-1.4623077266473545,360,-1.3208260358909285,942,-1.467330927891011,300
diabetes.bif,5000,-0.03584638546841952,1650,-0.16934414531794167,1150,-0.6181367641561757,228,-0.643850193563961,560,-0.6487403624855612,442,-0.5338952011780423,530,-0.03601831058064912,280,-0.31319072445561613,190,-0.03592256839750229,348,-0.31319072445561613,190
diabetes.bif,5000,-0.07271789438698234,495,-0.07336290097506074,459,-0.22440328747130284,108,-0.23154704357180195,297,-0.17158773098830638,231,-0.17873903590866358,279,-0.07248081674706598,90,-0.0916856856392996,117,-0.07324230087020463,120,-0.07680601762237553,117
diabetes.bif,5000,-0.25191388996828645,770,-0.25176101812506235,630,-0.26516327596260203,102,-0.4582021087561127,196,-0.2634112609932256,139,-0.4083356410470148,224,-0.24100224918940502,218,-0.33317882003864124,154,-0.24072239808522955,226,-0.3343985850911735,161
diabetes.bif,5000,-0.5793598145705313,550,-0.6303849415863932,250,-0.6030082649471115,86,-0.7129105212321206,160,-0.6013304639616112,84,-0.6432280965021573,140,-0.5712414863263261,190,-0.5750336521872041,80,-0.5706489384756005,198,-0.5838504338785865,85
diabetes.bif,5000,-0.00951413246084097,576,-0.01137073520691998,408,-0.019444015074355673,39,-0.034735806855999536,168,-0.0105578005356796,161,-0.01951182009827807,156,-0.010887102155928296,53,-0.030486068120977036,168,-0.010492035916202071,148,-0.01951182009827807,156
diabetes.bif,5000,-0.012610174287757804,1890,-0.4262908417959128,465,-0.1981927867875846,132,-0.5117114930196698,300,-0.04788754406618147,549,-0.32059788307226755,270,-0.01570365323579552,47,-0.09346660596752997,225,-0.015066043170994777,274,-0.09346660596752997,225
diabetes.bif,5000,-0.01166124435206412,1862,-0.20584343601010952,938,-0.6234630498169956,254,-0.4482205938466598,462,-0.7174264297429324,452,-0.4298999172173577,448,-0.008316480057159684,72,-0.06433470059639083,182,-0.008286959074163585,93,-0.06433470059639083,182
diabetes.bif,5000,-1.48818195982152,6720,-1.6228022159759437,1920,-1.4207327488139865,430,-1.625452335180131,340,-1.4154314156766639,599,-1.5694322908927165,340,-1.3397211620304061,824,-1.4433743750310215,340,-1.3408809315724148,925,-1.4837723556132578,360
diabetes.bif,5000,-0.03228269016028955,1650,-0.22613652224144654,1050,-0.6208114943622375,229,-0.6946559343877858,540,-0.6243002230094095,441,-0.45824433219240635,580,-0.03452814861586582,237,-0.3074478591521994,200,-0.03473526603831334,293,-0.2940268342342334,210
