net,size,logtable,sizetable,logtree,sizetree,loglrdummy,sizelrdummy,logtreedummy,sizetreedummy,  loglgpair,sizelgpair,   logtreepair,sizetreepair,loglgld,sizelgld,  logtreeld,sizetreeld,loglgldpair,sizeldlgpair,logtreeldpair,sizetreeldpair
munin.bif,500,-0.03666117882697496,75,-0.04394762254670327,51,-0.06329795997513367,18,-0.1272744963295307,27,-0.06308525560947124,27,-0.054001437291353656,27,-0.04702753603172736,11,-0.0573154107427442,15,-0.045628098828664726,14,-0.0573154107427442,15
munin.bif,500,-0.09432648371069487,100,-0.09896920189876658,36,-0.10543852713074325,21,-0.1243554821160134,32,-0.0992318625031242,27,-0.12452792866532923,24,-0.09673381987495189,27,-0.09927885744529251,20,-0.09366882032275249,28,-0.09927885744529251,20
munin.bif,500,-0.05437250990988574,100,-0.07794868629848203,36,-0.11269672446792556,17,-0.10594853793357335,36,-0.09409078063670837,25,-0.097682259683741,32,-0.08792963440671293,15,-0.0927791464365473,16,-0.08788487634493687,19,-0.0927791464365473,16
munin.bif,500,-0.06538818338793556,100,-0.07176250266255425,52,-0.12807484853179982,20,-0.13113055982665692,32,-0.09881606157537626,27,-0.15147481937252044,28,-0.09604613733883145,19,-0.10607279673532448,20,-0.09715330609409487,28,-0.11532841359100582,20
munin.bif,500,-0.17380735250175403,100,-0.20940631559158016,55,-0.19899476985356576,23,-0.26696902681858,35,-0.20292993079686447,30,-0.26890455359890786,40,-0.183713163186808,26,-0.21770541205345617,25,-0.18314074293219065,28,-0.21770541205345617,25
munin.bif,500,-0.030122858124438334,75,-0.058583446650871784,27,-0.057297098677307055,18,-0.04909181835143491,27,-0.0573048152086696,18,-0.04909181835143491,27,-0.032729788551742266,14,-0.061353907711173716,12,-0.032739701599382054,14,-0.061353907711173716,12
munin.bif,500,-0.16070589264066873,360,-0.17161287317292673,136,-0.20507110284054397,38,-0.2938763909382765,56,-0.18457708095873596,57,-0.27472918459827045,56,-0.20004722561449206,43,-0.25671658641028616,40,-0.1997412298951309,70,-0.25671658641028616,40
munin.bif,500,-0.09527125302289788,100,-0.10591550216564738,36,-0.11853565863706594,17,-0.12634053731274483,32,-0.11473529511641678,23,-0.1278057336899184,24,-0.1106980108548763,16,-0.10636997690579848,20,-0.10769998271185836,25,-0.10636997690579848,20
munin.bif,500,-0.03682234712210917,100,-0.05929035771313242,36,-0.09590976228915492,20,-0.0956326256277237,36,-0.07075247278283203,29,-0.09587047075198826,28,-0.05394740148715691,16,-0.06816500726827628,20,-0.057071953985596155,17,-0.06816500726827628,20
munin.bif,500,-0.07486264994054952,80,-0.06693736207882349,15,-0.07511314652974334,7,-0.0746115770114023,8,-0.0768603273899776,10,-0.08039438460948141,10,-0.0752751993230422,5,-0.08411876136340243,6,-0.07501286072325676,5,-0.08411876136340243,6
munin.bif,500,-0.06767671443090263,100,-0.06202208207432248,9,-0.06460593455169794,9,-0.05964703093368758,8,-0.06150401704723915,10,-0.06364695625226345,6,-0.06343603675065461,8,-0.06303100883058099,6,-0.06108273493950462,9,-0.06303100883058099,6
munin.bif,500,-0.17977839834304982,294,-0.18356485091261357,42,-0.1820729380563357,11,-0.20769123003245632,24,-0.1817609611113755,12,-0.20274878666144866,30,-0.1800047318503981,44,-0.2132391877208963,24,-0.18001540143847333,45,-0.2132391877208963,24
munin.bif,500,-0.20548825704017495,150,-0.2082595493552772,30,-0.22498511885540165,19,-0.2506196062861253,35,-0.2195443309408607,22,-0.2511338970394224,35,-0.2329890251876983,27,-0.2541177515591104,30,-0.2301898960073604,27,-0.2541177515591104,30
munin.bif,500,-0.3564207766011545,336,-0.41464083547347963,96,-0.4414445507886312,49,-0.4302388257923747,64,-0.39334848731742084,66,-0.4541736612252337,56,-0.34158236940051,54,-0.40661452808086657,48,-0.340897806828271,71,-0.40661452808086657,48
munin.bif,500,-0.03545559231956989,75,-0.05948798518954756,27,-0.06570352578724714,17,-0.05308139897683631,27,-0.06579034033900245,17,-0.05308139897683631,27,-0.046791078480175316,12,-0.06691502821968046,12,-0.04679487046691369,12,-0.06691502821968046,12
munin.bif,500,-0.09595290693007318,160,-0.086293193224828,22,-0.08192088396777361,13,-0.08511030168620574,12,-0.08079976375259373,11,-0.08575511780680081,14,-0.07610246631669655,11,-0.08504798810587273,6,-0.07609455623849477,12,-0.08504798810587273,6
munin.bif,500,-0.04880008410845844,240,-0.06857125064145086,12,-0.044193191440624446,11,-0.05955546280648316,18,-0.044173707925448585,11,-0.05955546280648316,18,-0.035425524255364944,17,-0.0601185598444659,18,-0.03543347573986279,17,-0.0601185598444659,18
munin.bif,500,-0.10790007585185894,300,-0.10387234931471119,15,-0.11219815911559063,15,-0.0987178764423956,21,-0.11191084545473787,19,-0.10158852463950103,21,-0.0997182446573722,17,-0.11392993459264862,12,-0.09884752781352697,16,-0.11392993459264862,12
munin.bif,500,-0.7065901573688651,80,-0.6931371666068515,1,-0.6934173730301798,6,-0.6931371666068515,1,-0.6934170753486811,6,-0.6931371666068515,1,-0.6934177120896893,6,-0.6931371666068515,1,-0.6934171102590378,6,-0.6931371666068515,1
munin.bif,500,-0.7249507189550027,80,-0.7068837427320137,11,-0.7054919244826524,9,-0.7014130220491687,4,-0.7054936864227674,9,-0.7014130220491687,4,-0.7054933730214294,9,-0.7014130220491687,4,-0.705493330883991,9,-0.7014130220491687,4
munin.bif,500,-0.7221312081316887,80,-0.6987844773876742,5,-0.6987915350765097,6,-0.70134564373943,4,-0.6987916920409963,6,-0.70134564373943,4,-0.6987915268085493,6,-0.70134564373943,4,-0.6987916499346348,6,-0.70134564373943,4
munin.bif,500,-0.03342221675716879,75,-0.05944307511452066,27,-0.07882519976980756,19,-0.1052309562658845,21,-0.0781975027244571,20,-0.08256958534442009,21,-0.07286396168294305,18,-0.06841711838072316,15,-0.07286071227022055,20,-0.06841711838072316,15
munin.bif,500,-0.038101013431879514,75,-0.061346834751832,15,-0.08194618205023022,12,-0.08122533938177282,18,-0.08194614556554217,12,-0.08122533938177282,18,-0.07577519855041605,13,-0.0726604256612232,15,-0.07577758813066705,13,-0.0726604256612232,15
munin.bif,500,-0.030464113091370034,80,-0.07590929992703759,16,-0.05088230983071701,14,-0.06638419353525778,20,-0.045900864658752594,11,-0.04916402001369383,20,-0.04090670438626276,19,-0.05319893127897126,20,-0.038084406620765045,18,-0.05319893127897126,20
munin.bif,500,-0.04502239932901129,100,-0.06632118259911489,36,-0.09488330382577422,16,-0.09616655481833862,32,-0.07739174140075268,22,-0.08293575096810686,24,-0.06745410894611348,12,-0.08228028624517957,16,-0.06714829769503546,16,-0.08349703764280558,16
munin.bif,500,-0.09016054194201283,360,-0.21806342290088224,72,-0.17615384701554967,31,-0.2618379448838283,48,-0.13731299704111813,64,-0.21265801178191276,48,-0.1066371821151834,29,-0.16683162009877092,40,-0.1079017569198812,39,-0.16683162009877092,40
munin.bif,500,-0.03391098504104634,100,-0.04959529231336815,36,-0.04658356193469761,14,-0.05346137123050153,24,-0.04219055516184758,17,-0.051659817236215315,24,-0.03722215085528422,13,-0.0546127158997073,20,-0.036887623831438496,21,-0.0547212531619268,20
munin.bif,500,-0.18991068434600208,100,-0.23597189270252553,25,-0.21550057672995782,20,-0.22105420685414137,30,-0.19596723007604622,21,-0.28377826611193213,25,-0.19197276673404257,30,-0.23996911186790876,20,-0.1921948188729586,26,-0.23996911186790876,20
munin.bif,500,-0.03593038076106931,75,-0.05961784725541699,15,-0.06787718807016095,12,-0.07316702261694102,15,-0.06786692645214948,12,-0.07316702261694102,15,-0.062441235883016,13,-0.06349276682530801,12,-0.06243441286245477,13,-0.06349276682530801,12
munin.bif,500,-0.04208944220312088,100,-0.0389131299653527,20,-0.03935691553745808,9,-0.03369779513453252,10,-0.03476258386287501,9,-0.036366712222004445,8,-0.0458963008317361,7,-0.037217435138972715,5,-0.040999326772745766,10,-0.037217435138972715,5
munin.bif,500,-0.07054554354208918,80,-0.062163194835610454,8,-0.07207471680144731,8,-0.06938023298448434,8,-0.07088325289649557,10,-0.07043262866020825,7,-0.07481140559225903,4,-0.07196794141458393,4,-0.07317633942133522,6,-0.07196794141458393,4
munin.bif,500,-0.02697067793284427,180,-0.03621367865931865,55,-0.038202758764558385,9,-0.07500324007733365,20,-0.03631930560133825,20,-0.05867959561129679,20,-0.035676321920104066,18,-0.06967155523758593,20,-0.033893329878394676,19,-0.05731251713661942,20
munin.bif,500,-0.18865495810004873,294,-0.19733481576300968,42,-0.20242401306086652,11,-0.2215505138791631,30,-0.20284436149459398,17,-0.2215505138791631,30,-0.19468264157893417,26,-0.2215505138791631,30,-0.19462033701862672,27,-0.2215505138791631,30
munin.bif,500,-0.06056373541403753,200,-0.046505420036668584,10,-0.056942932102202,11,-0.059174524756542744,12,-0.05694274331153449,11,-0.059174524756542744,12,-0.058803751403078454,11,-0.06490264274810466,8,-0.058790884799392484,11,-0.06490264274810466,8
munin.bif,500,-0.10707571112123175,160,-0.08912181340846385,14,-0.08593987697422405,11,-0.08466944720107418,12,-0.08594018684384475,11,-0.08466944720107418,12,-0.1020304905008709,11,-0.10806051641374295,10,-0.10203173846983025,11,-0.10806051641374295,10
munin.bif,500,-0.07358460383768663,300,-0.06594444739670256,15,-0.08617452445140229,15,-0.08622371188344011,18,-0.08619174092629542,15,-0.08622371188344011,18,-0.09537178402921245,18,-0.0979069309477406,9,-0.09537206134143482,18,-0.0979069309477406,9
munin.bif,500,-0.05534749712180942,240,-0.07438279911408643,12,-0.06027336758805966,16,-0.06299117618540619,18,-0.06016108035210006,16,-0.06299117618540619,18,-0.0624020813427133,8,-0.07335138571832871,12,-0.06240614940808011,8,-0.07335138571832871,12
munin.bif,500,-0.020602058918011347,100,-0.017788135523267943,19,-0.025057624112200236,7,-0.017952266757335262,9,-0.0212967231422913,10,-0.02093686041627117,7,-0.03137077172826984,5,-0.030592007892759766,3,-0.028358269897859476,8,-0.030592007892759766,3
munin.bif,500,-0.06909921837529424,80,-0.06954706817248507,12,-0.07465230503928594,7,-0.07565286264910957,7,-0.07670245648732461,7,-0.07725670665300337,7,-0.07521334462018742,5,-0.07554301541449153,3,-0.0748798856105263,7,-0.07554301541449153,3
munin.bif,500,-0.18659840249530515,294,-0.19246779425864094,42,-0.19719891684688168,12,-0.20760732442585886,30,-0.19719900157595777,12,-0.20760732442585886,30,-0.19329670393546863,21,-0.20760732442585886,30,-0.1932955134125684,21,-0.20760732442585886,30
munin.bif,500,-0.035919948042989557,100,-0.07646944617835096,20,-0.04357957446841881,16,-0.05989831227565531,24,-0.03548156772667695,24,-0.0348136324061273,24,-0.032936385552168636,11,-0.05170590362282511,12,-0.03325252012124141,13,-0.05170590362282511,12
munin.bif,500,-0.019684682713863127,100,-0.03240795512972355,36,-0.047190997480022395,15,-0.05257628341643972,32,-0.03368884496181057,14,-0.03760543920757064,20,-0.027038110895812217,16,-0.05311655943620599,20,-0.02442513667244192,12,-0.04505131186834138,16
munin.bif,500,-0.16569681915230727,150,-0.17021708027493307,30,-0.1743000897562601,15,-0.16822308164249627,35,-0.170894926771651,22,-0.17712430836675852,25,-0.16680012126480498,34,-0.17366871375640386,25,-0.16660193790934258,38,-0.17366871375640386,25
munin.bif,500,-0.32663534425434293,336,-0.3694115271885797,96,-0.4039687733830466,41,-0.38362764982241093,56,-0.37626393265177993,62,-0.4227266876888344,48,-0.32935562292076775,47,-0.3563568747932532,40,-0.3297063713257093,59,-0.3563568747932532,40
munin.bif,500,-0.12145857696367766,192,-0.16912581605084998,48,-0.1414287696990127,28,-0.16877704275918767,48,-0.14274776516924775,48,-0.17742325926428068,40,-0.12280008681978756,36,-0.15441039729094308,32,-0.12364453845205417,50,-0.1633606625095838,32
munin.bif,500,-0.09033290534770118,160,-0.08317003618228976,16,-0.07739962209467093,9,-0.08323837996282263,8,-0.07739829954654083,9,-0.08323837996282263,8,-0.07747254768167681,12,-0.08592178353052736,6,-0.07755185265087566,12,-0.08592178353052736,6
munin.bif,500,-0.03013679332617831,80,-0.07185830013508013,16,-0.050069693197283424,12,-0.06442162811232043,20,-0.046414412560406064,11,-0.05192154346087895,20,-0.038012094595686316,16,-0.06086083180886367,16,-0.038324880900674055,16,-0.06086083180886367,16
munin.bif,500,-0.03379510387107306,100,-0.04084882212833279,20,-0.045348775685291304,14,-0.07593729997809172,20,-0.04536242722276677,14,-0.07593729997809172,20,-0.050574368416819795,10,-0.041922028858844246,16,-0.05057459623594133,10,-0.041922028858844246,16
munin.bif,500,-0.03731495145083244,100,-0.0514401459491752,36,-0.0624989793178906,19,-0.0914306846523529,28,-0.05083376451673043,24,-0.059964703118574894,28,-0.0452482946163218,16,-0.06545409192534156,16,-0.036189635587885786,15,-0.06545409192534156,16
munin.bif,500,-0.03651823946169751,100,-0.04469006200341886,36,-0.06364806001888637,16,-0.046602707743112065,24,-0.06136222184280225,19,-0.048410230306509115,24,-0.044050303245774844,16,-0.05180979743805388,20,-0.04149484218015952,20,-0.05180979743805388,20
munin.bif,500,-0.1581709753042806,100,-0.18472569280685003,40,-0.18299841087206892,19,-0.18601799545808867,30,-0.15603479293530936,25,-0.21367413872159838,30,-0.15159886241670129,24,-0.16857217194077617,30,-0.15383328018565573,26,-0.16857217194077617,30
munin.bif,500,-0.41866203583665346,160,-0.45371757478968,40,-0.4299757038260379,20,-0.495296555865402,32,-0.4251831325135101,36,-0.4947698256121631,32,-0.42299423343987763,35,-0.45171625356845796,32,-0.42218727236322723,57,-0.45047611419451944,32
munin.bif,500,-0.041383111941389064,75,-0.05502658274676586,39,-0.08593474411220821,11,-0.11922286509733494,24,-0.08478156790939931,14,-0.11412879270851234,21,-0.07995439385654167,13,-0.07112955779241387,18,-0.07887123142350978,14,-0.07112955779241387,18
munin.bif,500,-0.03598710924590798,80,-0.07751575744678466,16,-0.06142013508680025,12,-0.0718229333841009,20,-0.05352510501413699,15,-0.06103486398118787,20,-0.04759062485329014,21,-0.059652513734226906,16,-0.04750081728539894,19,-0.059652513734226906,16
munin.bif,500,-0.04761091266192625,100,-0.07242678889507577,36,-0.09175167201550022,19,-0.16708471101522915,32,-0.07005148194053848,26,-0.09949358744064411,28,-0.06001815315106762,14,-0.06639590246733922,20,-0.060091496829757694,22,-0.06639590246733922,20
munin.bif,500,-0.0686278332456171,100,-0.07573497112493464,52,-0.1249089744987366,15,-0.11086897577641723,32,-0.10077164858593345,23,-0.09653281725273029,32,-0.07267409585109799,15,-0.10593023504124496,20,-0.07214193047466465,20,-0.10593023504124496,20
munin.bif,500,-0.19233194717216565,100,-0.2529024794523598,40,-0.2177091687185185,22,-0.2579690392023327,40,-0.19399303251979227,32,-0.29506911814788084,35,-0.18073913859584767,26,-0.2278248241248903,30,-0.18375126322275023,38,-0.22491268398069977,30
munin.bif,500,-0.041900988185207835,75,-0.054894194242254994,27,-0.08254267858192088,17,-0.0719731604488824,21,-0.08730425196523597,16,-0.0976639441969608,21,-0.0703129141904368,11,-0.06978949391448266,12,-0.07031588937108901,12,-0.06978949391448266,12
munin.bif,500,-0.15431666690755216,360,-0.17031921337932462,136,-0.21624868438282852,32,-0.29043413199698886,56,-0.19556965212145755,50,-0.2778231080334037,56,-0.18608852859485717,46,-0.2459314280951026,48,-0.18116277275936563,58,-0.24169257774054345,48
munin.bif,500,-0.03060877388242536,80,-0.07062207090153225,16,-0.049647703461234836,10,-0.06978415180171511,16,-0.04714661542384399,9,-0.05416035914863304,16,-0.04140293390913419,10,-0.053142369622651384,16,-0.04154866129864411,11,-0.053142369622651384,16
munin.bif,500,-0.036884698638562745,100,-0.055591572144564796,36,-0.08878462067998834,20,-0.08917625352137404,36,-0.06754743954399757,28,-0.08782951715813177,28,-0.061150844788385145,18,-0.06367439218238556,20,-0.061052730872350254,19,-0.06367439218238556,20
munin.bif,500,-0.07351733017161848,80,-0.06580380767281967,8,-0.07397753973804085,7,-0.08065188585056747,7,-0.07156255056599169,9,-0.08160518203126274,7,-0.09318694203330083,6,-0.07441704102808838,4,-0.0894143096703462,6,-0.07379366822350535,4
munin.bif,500,-0.07811045008045954,100,-0.0743332410201789,16,-0.08144699792090589,9,-0.10748396202762406,9,-0.06930953339465958,9,-0.06631699473027275,7,-0.07746465573336327,9,-0.07616470598371625,4,-0.07236196490268924,9,-0.0788825459995232,6
munin.bif,500,-0.027735829986366315,180,-0.03645699160198066,55,-0.03821293706215452,10,-0.07713664619167039,25,-0.037920797405903046,27,-0.05713716130879294,25,-0.03636571040517358,20,-0.0749143015397517,20,-0.036618742630112305,31,-0.06682613018182089,20
munin.bif,500,-0.1641564506230869,150,-0.1903130181834434,30,-0.1935437382993946,18,-0.22548736260087499,30,-0.18939428165981395,24,-0.22548736260087499,30,-0.1655561511628101,22,-0.18331442375455162,25,-0.16570160788181634,25,-0.18331442375455162,25
munin.bif,500,-0.3844284320045307,336,-0.4352683106277227,96,-0.4930516762307687,48,-0.4433965922130392,72,-0.48814714215934074,77,-0.47101280053179423,64,-0.37570697311387363,49,-0.44516396643132483,40,-0.3858960674120482,65,-0.44516396643132483,40
munin.bif,500,-0.045613939022519624,75,-0.07070264513531398,15,-0.07011300206374464,15,-0.06784003348262918,21,-0.07391512453609335,14,-0.0939854138804323,21,-0.0755289552496519,8,-0.07007857919427878,12,-0.07549403205469549,8,-0.07007857919427878,12
munin.bif,500,-0.09820199772675024,160,-0.09999715655173196,28,-0.08485603177231155,11,-0.09467898993427368,14,-0.08487422633219979,12,-0.09467898993427368,14,-0.0999438462047699,11,-0.09536356627455321,8,-0.09995860078544229,11,-0.09536356627455321,8
munin.bif,500,-0.09435239684493234,200,-0.06974821016418382,18,-0.07353761450623465,10,-0.07201395788119075,14,-0.07518883341453234,14,-0.07297503935725953,14,-0.08334587144591014,10,-0.10321790889026035,8,-0.08175606163579087,11,-0.10321790889026035,8
munin.bif,500,-0.05155315025456069,240,-0.07206567322335396,12,-0.048214085513456066,16,-0.06003640675733901,18,-0.04823975161286996,16,-0.06003640675733901,18,-0.04366461416605377,15,-0.060261932676259504,12,-0.04364104471924894,15,-0.060261932676259504,12
munin.bif,500,-0.13224928412202724,300,-0.09688196541103039,15,-0.11038290802129296,18,-0.10944900999214663,18,-0.12049038379703952,17,-0.11754304709300188,18,-0.14739993311550198,17,-0.13666896920861588,12,-0.1455786258947659,18,-0.13666896920861588,12
munin.bif,500,-0.029029984546977528,75,-0.05536360221653158,27,-0.04727553062135684,19,-0.0422108277459536,27,-0.04390975730851812,28,-0.05544514123882784,21,-0.03473674930375029,15,-0.04995481582479691,12,-0.0328796451970105,14,-0.04995481582479691,12
munin.bif,500,-0.064544518532761,100,-0.0790102158555167,20,-0.07768691183312114,13,-0.10063754395755375,20,-0.07753283806809863,14,-0.10063754395755375,20,-0.07710072921303858,14,-0.07044583780729528,20,-0.07529924303802636,16,-0.07044583780729528,20
munin.bif,500,-0.011136331291120233,100,-0.01879354065965611,36,-0.02297028034810909,15,-0.04134415498933025,24,-0.015812465979649762,27,-0.03833243791909095,16,-0.013479082124857393,15,-0.0325620927899329,16,-0.012424031467198204,22,-0.026967798698045924,16
munin.bif,500,-1.3557044203724342,495,-1.3935474194760493,99,-1.3672997488008798,35,-1.4640716294535563,44,-1.3495033872594366,50,-1.4387040820134593,33,-1.3555503191619689,53,-1.4222372384304731,33,-1.3508301970272145,61,-1.4222372384304731,33
munin.bif,500,-0.03125457824416835,75,-0.056613289965707074,15,-0.05954961002973597,12,-0.04389480766317843,21,-0.05951754202663652,12,-0.04389480766317843,21,-0.04028778342581901,14,-0.04932713857828532,15,-0.040286617823284056,14,-0.04932713857828532,15
munin.bif,500,-0.029999995904696094,80,-0.07197574887932738,16,-0.05076906094561258,12,-0.06387677946731936,20,-0.04829853645089137,10,-0.04795111150798496,20,-0.04175064297579287,16,-0.04910555382570427,20,-0.04095424753722276,16,-0.04910555382570427,20
munin.bif,500,-0.06993045219149754,100,-0.0670875066722789,36,-0.09203817340202379,19,-0.06783919744325648,32,-0.09631171786526647,26,-0.07217423223351739,28,-0.08311210409212597,25,-0.08408861717427973,16,-0.08195445040764461,26,-0.08408861717427973,16
munin.bif,500,-0.044454444749309235,100,-0.06155495756790269,36,-0.0672732553596459,19,-0.10411801876783265,32,-0.05309324604609847,22,-0.10507349522605602,24,-0.046605532099703334,17,-0.0777612345230672,16,-0.04233750800092204,13,-0.08074782134806033,16
munin.bif,500,-0.077273002622657,160,-0.13907666892738135,40,-0.09113132228673508,20,-0.1881919796042457,32,-0.09498523862292736,40,-0.16770301674530236,40,-0.07797925991141581,29,-0.1174500352509938,32,-0.07876375528519738,32,-0.1174500352509938,32
munin.bif,500,-0.10367217503588225,360,-0.24271930303904318,72,-0.1816652856307945,38,-0.30101947869857615,48,-0.13798570319182973,79,-0.22004770965651516,48,-0.09044923701520245,31,-0.1529038166383858,40,-0.08992833367567737,50,-0.1529038166383858,40
munin.bif,500,-0.03264082869257418,100,-0.04710314258370359,36,-0.04499334778601716,13,-0.0961454464851335,24,-0.04340811625308394,14,-0.04731308918424902,24,-0.03602470605659037,14,-0.050672165374302365,20,-0.034819589827662444,19,-0.050672165374302365,20
munin.bif,500,-0.18374144794217664,100,-0.21880481797489884,40,-0.20038979336831508,19,-0.2160743803710429,30,-0.19426452079459322,23,-0.2597600265789568,30,-0.17663150791834872,22,-0.21794792671154786,25,-0.17754612748172377,25,-0.21794792671154786,25
munin.bif,500,-0.09419400958623417,160,-0.1457346610520795,40,-0.09082116626022967,23,-0.1878731065167797,32,-0.0984184574534634,34,-0.17159614174751367,40,-0.10056140119082904,27,-0.11875363707219347,32,-0.10208712309150246,29,-0.11875363707219347,32
munin.bif,500,-0.0647654587836104,100,-0.06865110931952474,36,-0.0819266234325833,17,-0.10366128455370911,24,-0.07719996438943443,24,-0.06801944147257236,24,-0.07017818860415954,22,-0.07904165090361286,20,-0.07125718616005686,24,-0.07904165090361286,20
munin.bif,500,-0.0292583540308438,80,-0.07109027896819077,16,-0.04962083275351635,13,-0.06526897746832246,20,-0.04766120104206395,14,-0.0502424059661972,20,-0.03759824212150148,11,-0.05462303292950302,16,-0.03757772426356803,14,-0.05462303292950302,16
munin.bif,500,-0.03451298745438482,100,-0.04696189995361599,36,-0.07297335499933026,17,-0.08693000672199805,32,-0.04505495687277137,19,-0.07702514890788546,24,-0.04718301012243742,16,-0.07800112436091065,16,-0.03937855830652655,21,-0.07800112436091065,16
munin.bif,500,-0.1410772110323334,216,-0.20238016021795618,54,-0.16009922455266684,27,-0.2474350920246962,45,-0.15481692743374742,61,-0.21159792345828196,54,-0.15178581373506264,56,-0.2132293260780934,36,-0.1492858624972625,76,-0.2132293260780934,36
munin.bif,500,-0.0417125211255632,75,-0.0639718406332015,15,-0.07984645458669361,13,-0.08523185515039636,15,-0.07984441613378657,13,-0.08523185515039636,15,-0.07529979531843115,10,-0.07587102766227753,15,-0.07530236150107161,10,-0.07587102766227753,15
munin.bif,500,-0.14150810545990522,480,-0.21274729224925162,120,-0.24977631584226756,36,-0.3641986176128394,64,-0.20038316873485568,70,-0.32951981710009187,48,-0.13808312322783278,28,-0.23462342519390864,32,-0.1352991282874186,59,-0.23462342519390864,32
munin.bif,500,-0.04545388554453243,100,-0.039007594704520906,9,-0.04230098458357989,10,-0.041921436669601575,8,-0.03701646670248663,12,-0.03981075600103748,7,-0.047377594815862026,9,-0.04633680746817945,8,-0.03909781992696454,12,-0.04633680746817945,8
munin.bif,500,-0.07302095736416062,80,-0.061000536158626315,8,-0.0688288958039911,7,-0.0677096900121322,5,-0.06783490113548675,10,-0.06815102873674975,6,-0.06528472945241366,5,-0.06864750826277985,3,-0.06483515985486107,5,-0.06864750826277985,3
munin.bif,500,-0.2091098291422159,294,-0.19988743094403336,42,-0.21021973142748548,17,-0.21634723949291207,30,-0.2107525152914999,16,-0.22376310504978683,30,-0.2037736059103034,37,-0.22376310504978683,30,-0.20379820355600506,37,-0.22376310504978683,30
munin.bif,500,-0.17060220576690796,150,-0.17574746459162882,30,-0.17578901455229132,15,-0.21172735722736266,30,-0.17629872815260378,16,-0.21172735722736266,30,-0.16769026858951042,33,-0.20997832130329316,20,-0.16769658993265202,33,-0.20997832130329316,20
munin.bif,500,-0.120519219299755,192,-0.18914660268834563,48,-0.14297420885585832,24,-0.2213970995124747,48,-0.13790633060784058,42,-0.2270262525149944,48,-0.12115406056879985,40,-0.19579663127112776,32,-0.12162596052709919,46,-0.19579663127112776,32
munin.bif,500,-0.0991955536632193,160,-0.09579145792325708,8,-0.13393446605228615,11,-0.09899415253292045,10,-0.13407822362533653,11,-0.09899415253292045,10,-0.09732585562163294,14,-0.10112418653548917,8,-0.09732052159802443,14,-0.10112418653548917,8
munin.bif,500,-0.07245622933411015,300,-0.06488335447658272,15,-0.07271151994147498,13,-0.062053696259488526,18,-0.0727100763393527,13,-0.062053696259488526,18,-0.07538927777277474,13,-0.06580698932550778,15,-0.07539565189737461,13,-0.06580698932550778,15
munin.bif,500,-0.06142729989567244,240,-0.07332393736808882,24,-0.08897127298497992,15,-0.06654052570481121,18,-0.08905907098367644,15,-0.06654052570481121,18,-0.09777954200577339,12,-0.08803342624383478,15,-0.09781601775993636,12,-0.08803342624383478,15
munin.bif,500,-0.02019109115200597,100,-0.018396950524984086,9,-0.04814304180872662,7,-0.050989428665997164,6,-0.04360465243208105,10,-0.0492223529023567,5,-0.05600136688056512,4,-0.04817170387516691,3,-0.05448427646137509,4,-0.04817170387516691,3
munin.bif,500,-0.0695940152263034,80,-0.06830671765122662,12,-0.07737703988032485,6,-0.07938731949655499,6,-0.07678814933856126,8,-0.08091491570545485,5,-0.08020889173859228,7,-0.07558485820789743,6,-0.07776328995709873,8,-0.07558485820789743,6
munin.bif,500,-0.3946530586360654,336,-0.3746428299249469,96,-0.4180850780415902,32,-0.39787829084481086,48,-0.4054819634575361,44,-0.40841440426191533,40,-0.365862790846021,54,-0.40126645828079505,40,-0.3692246648647305,64,-0.40126645828079505,40
munin.bif,500,-0.1009387428665006,160,-0.08416977088679145,8,-0.08163963872076574,6,-0.08587161492545439,6,-0.08364192006845138,7,-0.08587161492545439,6,-0.087378075219233,10,-0.10171333920581332,6,-0.08570436716206532,8,-0.10171333920581332,6
munin.bif,500,-0.031310407881145065,80,-0.06954060468893472,16,-0.04884138399728857,14,-0.06489471603673602,20,-0.04593865357721893,10,-0.048543688397989414,20,-0.04774333893757678,17,-0.053740165591494804,24,-0.040366887911112315,13,-0.05595008189162294,20
munin.bif,500,-0.04418954579129364,100,-0.05987868887464947,36,-0.10756750099031129,15,-0.11589815701059543,32,-0.08132890427525422,23,-0.12476856391841314,20,-0.0824786876449382,19,-0.09262891975372137,16,-0.07648007597130153,16,-0.09354327815387047,16
munin.bif,500,-0.028625755139647522,100,-0.04065300491185149,36,-0.0393798770294848,12,-0.04388467660673889,24,-0.03891853862607308,12,-0.043869937202787875,20,-0.034009428297694135,10,-0.044360911644256,20,-0.03467698536108703,13,-0.04505367415091084,20
munin.bif,500,-0.1885621987628594,100,-0.21768233354499794,25,-0.2271855981608738,14,-0.21536817080625975,25,-0.22783180492727934,20,-0.3009460885210224,25,-0.212843963476706,16,-0.2383019644133768,30,-0.2110096741907078,21,-0.2383019644133768,30
munin.bif,5000,-0.01794270267558154,75,-0.019694147827344653,63,-0.019409494355191067,25,-0.02643341906924652,39,-0.019937956408977307,34,-0.025269382370486093,36,-0.016290788744612046,24,-0.02209656521076727,21,-0.016134408610384537,31,-0.02209656521076727,21
munin.bif,5000,-0.07548258529621014,100,-0.08822330664809898,36,-0.08181097047810644,22,-0.083955886114075,36,-0.07964212754146825,34,-0.08211348255780636,36,-0.07716719127996126,36,-0.08278807156371416,32,-0.07543260807982126,46,-0.08278807156371416,32
munin.bif,5000,-0.01789375743714794,80,-0.019652055546410623,64,-0.02266966384255942,19,-0.020837149780866714,32,-0.02165598376651263,21,-0.022310779668106188,28,-0.019693926141194674,15,-0.02348242533711143,24,-0.01930619326497651,23,-0.02388941587669039,24
munin.bif,5000,-0.03736432352335073,100,-0.03614897029614789,68,-0.038369585737585074,26,-0.043492464648620305,64,-0.039424747412266564,54,-0.046675449222446805,48,-0.035406647038988284,38,-0.042463972675883616,20,-0.03548753385955734,39,-0.042463972675883616,20
munin.bif,5000,-0.05899612097769775,160,-0.05929531592815342,136,-0.06097215348748034,32,-0.0738383510242863,88,-0.05868698965243625,51,-0.08011322841631661,72,-0.057839637426629974,45,-0.06440543996463408,40,-0.0578096278260993,59,-0.06440543996463408,40
munin.bif,5000,-0.07302313340858416,100,-0.07520320809866952,68,-0.07281954690707967,20,-0.07621665965531577,40,-0.0725919881827206,23,-0.07621665965531577,40,-0.07265284633176998,34,-0.0800718573049852,24,-0.07333073277664756,30,-0.07853508144684225,28
munin.bif,5000,-0.00755856718618339,100,-0.008657781692360722,36,-0.009739943826775429,13,-0.009447321902750388,28,-0.009418185738402807,17,-0.010060923381827064,28,-0.008761189078151401,13,-0.009163131374514678,20,-0.008764418196656907,18,-0.009163131374514678,20
munin.bif,5000,-0.03768160894118371,100,-0.038333660053491314,68,-0.04051422210183233,24,-0.039942392735171146,60,-0.040005913126293,35,-0.04048713870407061,56,-0.036976877012418405,48,-0.04549793694815755,36,-0.041537099979290865,53,-0.04492855635824548,32
munin.bif,5000,-0.14283877406786752,100,-0.14840385114331806,70,-0.14555534850528296,27,-0.14810938589761796,70,-0.144683979469689,48,-0.14964422996027466,75,-0.14275335078166543,79,-0.14929777922831455,35,-0.14313938219320485,85,-0.1518241043785059,40
munin.bif,5000,-0.017902129101285615,75,-0.019398402840893458,51,-0.023893898208435918,21,-0.024987593093199322,36,-0.02389407909443002,21,-0.024987593093199322,36,-0.018970828421024283,25,-0.025799381861304062,21,-0.018975890840039592,25,-0.025799381861304062,21
munin.bif,5000,-0.05610732651672761,160,-0.0564065214671833,136,-0.05820988512172246,33,-0.07518604474949295,80,-0.05874601493181342,51,-0.06123608170181808,88,-0.05572997541295064,56,-0.06300572468384903,48,-0.05604883973067972,59,-0.06300572468384903,48
munin.bif,5000,-0.11746565085753555,360,-0.11842106859146566,168,-0.13066702975873992,60,-0.1487454538849271,120,-0.12624673240349002,79,-0.1532686015320762,112,-0.11682998072028154,105,-0.1352923133303854,80,-0.11731155990414022,122,-0.14653152016093912,64
munin.bif,5000,-0.07406809009135026,100,-0.08133464396941634,52,-0.08076427904010626,23,-0.08212164853280443,40,-0.07851003364211814,35,-0.0830384370331517,32,-0.07370873113336739,46,-0.08275861683365204,32,-0.0733128310384187,47,-0.08275861683365204,32
munin.bif,5000,-0.017786076774951854,80,-0.017786076774951854,80,-0.02013180687750048,22,-0.018490775797258267,36,-0.019165580958853512,23,-0.02048399569014447,28,-0.0178066104221854,27,-0.021336388042635723,28,-0.017597235838487855,30,-0.021336388042635723,28
munin.bif,5000,-0.0203056781478002,100,-0.019000610017903576,68,-0.023818091679654978,27,-0.02782923457187343,64,-0.023620392038999613,45,-0.027511915905532498,52,-0.017737390367351107,28,-0.017859440568909292,24,-0.01752785178773845,34,-0.017859440568909292,24
munin.bif,5000,-0.10435799018460203,216,-0.10539320444425475,162,-0.10782401984563485,41,-0.1274198051612893,99,-0.10600598437432418,66,-0.11566793148990924,90,-0.1049925669644962,89,-0.10921581709691147,63,-0.10478644391615112,104,-0.11412587602335618,63
munin.bif,5000,-0.13821187952656072,540,-0.13911006986726723,225,-0.14574770650115745,46,-0.1622286451602652,126,-0.14334345338463367,62,-0.16140399120228555,126,-0.13778805194158894,92,-0.15255071666500775,81,-0.1374655063077766,95,-0.15225285927242457,81
munin.bif,5000,-0.052773387663134566,80,-0.0539791797222597,21,-0.05351715755802484,11,-0.054209475581043616,13,-0.053101253031643446,16,-0.05416035499117652,14,-0.05387118143965401,12,-0.05327502972716567,10,-0.05316513931194862,17,-0.053324001856231755,10
munin.bif,5000,-0.05395019965100408,100,-0.0550047971085821,19,-0.05117330651494124,11,-0.05422858133687967,12,-0.05086790379726371,15,-0.05953634782909347,11,-0.05103625014475415,10,-0.05369757206470894,4,-0.05100505008217119,15,-0.05597146438201328,5
munin.bif,5000,-0.03627925564990806,500,-0.04917351252933453,75,-0.03366613523737782,25,-0.042461221455975695,55,-0.03361378941142321,32,-0.045696360047780965,50,-0.03326026925600639,43,-0.044389269024186384,45,-0.03349018530551916,54,-0.04414684536656014,45
munin.bif,5000,-0.05055179448791828,400,-0.05359590482321388,50,-0.04827362185581133,25,-0.053155089976698114,40,-0.04826559908972068,25,-0.053155089976698114,40,-0.047555753114932965,38,-0.050770419979124376,25,-0.04755811079691171,37,-0.050770419979124376,25
munin.bif,5000,-0.014010458064070797,180,-0.015296676943395357,80,-0.014362921968860593,14,-0.02133997756741697,45,-0.0152052180188212,39,-0.01654209571869223,35,-0.013474701482099203,28,-0.017538007368213718,30,-0.013099990886227576,31,-0.017493306561738822,30
munin.bif,5000,-0.1659097799156351,294,-0.1684378645160837,42,-0.16903125413119868,30,-0.1733558095121195,42,-0.16930001048655924,37,-0.1733558095121195,42,-0.16604335353196567,58,-0.16812534320670258,48,-0.16655763745158558,62,-0.16812534320670258,48
munin.bif,5000,-0.049253809862903515,100,-0.04786944688081749,68,-0.05022442934839784,21,-0.04951556232804252,40,-0.049986547557979405,24,-0.04954788249909327,40,-0.047402921991304366,38,-0.05205641967182584,24,-0.04743908540341001,37,-0.049960116587070176,24
munin.bif,5000,-0.0036347285259514363,100,-0.005217108004294556,36,-0.007697841131966252,13,-0.019998362700122632,24,-0.007075339574747986,14,-0.0067653833430022575,24,-0.006196410257796662,20,-0.006757381777789413,24,-0.006399058522344606,18,-0.006757381777789413,24
munin.bif,5000,-0.16272431351062802,150,-0.16389946899329375,70,-0.16838184773626969,28,-0.1663594396175213,40,-0.16853061565894129,32,-0.169721496371747,40,-0.17101041729432453,55,-0.1770006976540832,35,-0.1708608106293677,54,-0.1770006976540832,35
munin.bif,5000,-0.29614263944095953,336,-0.2940783245446734,240,-0.32967673108924817,77,-0.3287638990775591,144,-0.30351202964094476,158,-0.33700279598752436,144,-0.29561188387582144,172,-0.3200389543049453,88,-0.2951723103925808,198,-0.3159834827138399,88
munin.bif,5000,-0.023902272748357222,75,-0.02348115851223013,51,-0.03215093688975411,22,-0.029960109166540235,39,-0.032150862788592575,23,-0.029960109166540235,39,-0.024235680893330017,31,-0.02880998093807438,24,-0.02423538846160792,31,-0.02880998093807438,24
munin.bif,5000,-0.10167744653889944,192,-0.10228394418000296,144,-0.10557198301975987,38,-0.12400721916201876,88,-0.10306280511173123,68,-0.1124341911445199,80,-0.10047631119898746,89,-0.10984588466679704,64,-0.10055303105740647,102,-0.109692954903333,64
munin.bif,5000,-0.07102117796759057,160,-0.07031668459462714,44,-0.07298400605728796,17,-0.07186036952292688,20,-0.0729840298090555,17,-0.07186036952292688,20,-0.06997722320453356,22,-0.07358710680052147,12,-0.06997734835250331,22,-0.07358710680052147,12
munin.bif,5000,-0.05994213575694847,200,-0.06184031692413828,46,-0.059511904922854,15,-0.06064418918469393,26,-0.0595118925059252,15,-0.06064418918469393,26,-0.059398294678864136,23,-0.06158947701272186,14,-0.05939912451232484,23,-0.06158947701272186,14
munin.bif,5000,-0.02330721061870309,240,-0.028550105325934088,75,-0.025261435792039422,23,-0.026333627982060438,36,-0.025261355775314482,23,-0.026333627982060438,36,-0.022886854394577077,30,-0.02507090688332296,18,-0.022888206534376166,30,-0.02507090688332296,18
munin.bif,5000,-0.07890514046861223,300,-0.0793451325421061,51,-0.08413273893671283,21,-0.08329503594288871,24,-0.08413267698305905,21,-0.08329503594288871,24,-0.07961812873899689,31,-0.08278470206705357,18,-0.07961804732548865,31,-0.08278470206705357,18
munin.bif,5000,-0.6991480773032951,80,-0.6929911183679136,1,-0.6933655163634287,10,-0.6935771658014782,4,-0.6933655894274023,10,-0.6935771658014782,4,-0.693365719708535,10,-0.6935771658014782,4,-0.6933655214057597,10,-0.6935771658014782,4
munin.bif,5000,-0.6986723154820483,80,-0.6933995742148565,1,-0.6942383440175108,11,-0.6935183729964699,3,-0.6942387426528375,11,-0.6935183729964699,3,-0.6942399271793903,11,-0.6935183729964699,3,-0.6942385465078971,11,-0.6935183729964699,3
munin.bif,5000,-0.6950053254542253,80,-0.6930670367341683,1,-0.6941899722843793,9,-0.6939443073349042,2,-0.6941900730023067,9,-0.6939443073349042,2,-0.6941900109298036,9,-0.6939443073349042,2,-0.6941899574098352,9,-0.6939443073349042,2
munin.bif,5000,-0.01603906171913215,75,-0.018584390375294756,63,-0.019444586906945904,25,-0.020527181393898742,39,-0.018981908891065522,36,-0.021402161206679638,36,-0.01690413038107114,24,-0.016476879941832757,24,-0.01689963726292773,27,-0.016476879941832757,24
munin.bif,5000,-0.04040056745223605,100,-0.040380829319268466,84,-0.03955475102831858,20,-0.043659065978412306,44,-0.039555245849532024,20,-0.043659065978412306,44,-0.038143355073079525,46,-0.04422655600189339,28,-0.0381326634832765,44,-0.04422655600189339,28
munin.bif,5000,-0.004229581781441697,100,-0.0060966774974798785,36,-0.009510038484101202,14,-0.009089991405557113,32,-0.007985924588209107,25,-0.00911235225552467,24,-0.008227728909892191,17,-0.008715796826622772,20,-0.00815607117498587,27,-0.008715796826622772,20
munin.bif,5000,-1.3156947781686008,495,-1.3239870398247648,187,-1.3174271186715598,64,-1.3344725735122822,99,-1.3170485795053002,69,-1.3316682180426926,88,-1.316916173350771,180,-1.3288468047043975,66,-1.3159350255504938,161,-1.3288468047043975,66
munin.bif,5000,-0.016415106234999113,75,-0.01639673007578677,63,-0.024767941399592215,23,-0.020526959628216608,36,-0.024768051526812208,23,-0.020526959628216608,36,-0.016392652705423977,26,-0.018769933691987584,27,-0.016394304279525238,26,-0.018769933691987584,27
munin.bif,5000,-0.017254715156897842,80,-0.018307817737890225,64,-0.021214971475105236,19,-0.019001954029376114,32,-0.020105830447196642,23,-0.019022005693088737,32,-0.017574794795912122,23,-0.019451771633054598,28,-0.01727497660858911,29,-0.019451771633054598,28
munin.bif,5000,-0.03957856037837946,100,-0.04130478137514334,68,-0.04360822215667952,27,-0.04259215326835771,44,-0.042154386251850334,37,-0.04292618690376549,36,-0.04009188450786985,45,-0.04581901386862482,32,-0.03961562972858014,50,-0.04581901386862482,32
munin.bif,5000,-0.02830154030815967,100,-0.028336285101514733,68,-0.0374982314666522,24,-0.031132534386592522,64,-0.02857040984343388,52,-0.03065668701273231,44,-0.02896898396061831,31,-0.03052563452022215,20,-0.027566493152412348,27,-0.03052563452022215,20
munin.bif,5000,-0.054591489649187114,160,-0.05489666489498919,136,-0.056628157257023484,34,-0.06094745444839119,96,-0.056788859372920754,56,-0.058637342570533255,88,-0.054516074186891,68,-0.060775203929302725,48,-0.054765524596722355,73,-0.06454005457435072,56
munin.bif,5000,-0.05340139220252183,360,-0.061047519806814055,168,-0.06938869301792859,60,-0.07148093695103044,128,-0.0566040981612893,105,-0.08329145026983464,104,-0.05261073678445807,101,-0.07839692858252041,72,-0.05258778534999042,134,-0.07793073061002395,80
munin.bif,5000,-0.045239874864866164,160,-0.045201519811252006,136,-0.046867322912403156,30,-0.05854932569265193,88,-0.04704990672697713,56,-0.058597873084848096,80,-0.044891188456600825,58,-0.0498199877808103,48,-0.04567137054685823,77,-0.0498199877808103,48
munin.bif,5000,-0.025679497231440224,100,-0.026406965925782316,68,-0.03540793785574063,18,-0.035109457698575014,36,-0.032773231116390175,19,-0.035109457698575014,36,-0.02759538545080002,25,-0.030551748013631523,24,-0.02749345597492353,27,-0.030551748013631523,24
munin.bif,5000,-0.16289609783592035,100,-0.16300384346811478,85,-0.16552110596785477,25,-0.17317229140748666,60,-0.16376687359888545,36,-0.1701294661251489,60,-0.1629839330795263,80,-0.1693727198246027,35,-0.16296287413214527,78,-0.1693727198246027,35
munin.bif,5000,-0.05381345050214269,160,-0.0537750954485285,136,-0.05589453322026266,33,-0.06796138459817933,88,-0.05457973267485571,54,-0.058254782791621926,88,-0.05358362695084261,51,-0.060040949370716405,48,-0.05376242538214838,60,-0.060040949370716405,48
munin.bif,5000,-0.03172981311548758,100,-0.03180300388383113,68,-0.035353104282391794,23,-0.032869662127190336,40,-0.035353121067881334,23,-0.032869662127190336,40,-0.03219739038369239,30,-0.03395079180454355,24,-0.03219768803667113,30,-0.03395079180454355,24
munin.bif,5000,-0.001193942976175682,100,-0.002804085415624585,36,-0.0018461388595494717,13,-0.0031292152867599963,28,-0.0014662475827658397,23,-0.0031161829234567775,20,-0.0013478149281367891,17,-0.002942917507358111,20,-0.0012392441646138434,18,-0.0030070640011547493,20
munin.bif,5000,-0.03752455293490038,100,-0.03999422591070287,68,-0.039868624394409836,27,-0.03979458547058094,48,-0.038760535700868175,37,-0.04085933790422621,40,-0.03629977606546631,41,-0.04059759649123461,32,-0.03615884982580207,49,-0.04059759649123461,32
munin.bif,5000,-0.017771450054267144,80,-0.019970330765905875,64,-0.0233053869408271,22,-0.021073172969695877,32,-0.0211737470289517,23,-0.022547972118806308,28,-0.01781679311319835,32,-0.022944203321517413,28,-0.017514356419178357,29,-0.022944203321517413,28
munin.bif,5000,-0.015609244517667589,100,-0.016026621013101514,68,-0.023051156120814813,27,-0.021483091906406866,60,-0.017796476132876014,41,-0.020756709995774236,44,-0.015885859324843217,27,-0.01675426917275546,20,-0.015161896640587534,28,-0.01675426917275546,20
munin.bif,5000,-0.10245935549479032,216,-0.10354140156253731,162,-0.10521489536504865,39,-0.12124578965799337,108,-0.10382611576095471,76,-0.10951679073279427,90,-0.10465094722508334,104,-0.10947751080641653,63,-0.10407041025981616,112,-0.10891113616813887,63
munin.bif,5000,-0.022485210912886255,75,-0.02031439598518661,51,-0.0333270414104667,23,-0.023669341985862347,33,-0.03332693410283305,23,-0.023669341985862347,33,-0.023054426431112576,32,-0.024323968721046824,21,-0.02305288395088296,33,-0.024323968721046824,21
munin.bif,5000,-0.07995663093895211,480,-0.10823754340563543,200,-0.10182763976187728,68,-0.12443126653483903,168,-0.08365500968771317,124,-0.12006631013551958,144,-0.0797854979700062,85,-0.09833537358671605,88,-0.07957718288562467,133,-0.09365090888978518,96
munin.bif,5000,-0.0895417860076214,216,-0.08956594992813677,162,-0.09482442055653045,38,-0.11347934671281969,108,-0.09203101900238114,78,-0.10333215658001042,81,-0.09017079965909776,90,-0.0965040444913294,63,-0.08972959673775019,103,-0.0965040444913294,63
munin.bif,5000,-0.030632261553107106,100,-0.029319570413618264,24,-0.02729317644881408,11,-0.02992577729218961,10,-0.026958245566994377,14,-0.03056602733929479,11,-0.029803643464771643,11,-0.02965985751542847,5,-0.027323855598321366,17,-0.0306866264056396,10
munin.bif,5000,-0.058688850705684345,80,-0.05810670598223245,22,-0.0543353085841778,11,-0.05818426330126349,11,-0.05407954234737724,15,-0.05902658788442193,11,-0.05462891470249235,11,-0.05577626889927922,10,-0.054825294603534164,14,-0.056645786331836624,9
munin.bif,5000,-0.05186213173433448,400,-0.05563521421399472,50,-0.04940117920496892,22,-0.054816939734337794,40,-0.0494015540030152,22,-0.054816939734337794,40,-0.04920536675764639,36,-0.05928880869051398,25,-0.04920828055515753,36,-0.05928880869051398,25
munin.bif,5000,-0.016701538091687364,180,-0.02060436697668749,55,-0.019573124524247316,13,-0.021759118914512588,45,-0.019648720226837373,36,-0.0202559270040873,35,-0.018853228017646148,33,-0.019954850465697477,35,-0.018698690219152957,41,-0.019626775729993082,35
munin.bif,5000,-0.18711393170144897,294,-0.18634403839657632,42,-0.19294630388743023,24,-0.19243594987887128,48,-0.1914182851512481,33,-0.1879594742684096,54,-0.18734601705925816,62,-0.19072120727905062,48,-0.18739290319368412,66,-0.18992299035944835,48
munin.bif,5000,-0.15089493442011098,150,-0.15156151801957868,50,-0.15215810823171233,22,-0.15313976050344152,35,-0.15215799635542238,22,-0.15313976050344152,35,-0.1505355352136909,53,-0.15153883846039815,30,-0.1505365294723515,53,-0.15153883846039815,30
munin.bif,5000,-0.28850089702080733,336,-0.28648389345307257,240,-0.33862761950056475,73,-0.3207400282996295,120,-0.3011048933903486,152,-0.32078614442266373,120,-0.2895678925385929,165,-0.3020753192281087,88,-0.2899944994012293,186,-0.3020753192281087,88
munin.bif,5000,-0.09606780378833137,192,-0.09657905634376981,144,-0.10176859402188297,40,-0.11426400295409955,104,-0.10096302600511284,72,-0.10730920890632001,80,-0.09742157823710294,87,-0.09925418800002067,64,-0.09783331736890563,103,-0.10723248578589653,56
munin.bif,5000,-0.04162544226517492,200,-0.03901511417686732,26,-0.039056387111870934,18,-0.03801962041072566,20,-0.03907056888936393,18,-0.03801962041072566,20,-0.03775630831605424,17,-0.040176930904013614,10,-0.03775629102112566,17,-0.040176930904013614,10
munin.bif,5000,-0.07334996047286298,160,-0.07280432466169018,44,-0.07323558794636015,19,-0.07236521882583517,18,-0.07323378526102413,20,-0.07236521882583517,18,-0.07134071605329136,18,-0.07047806446604801,14,-0.07134233122599098,18,-0.07047806446604801,14
munin.bif,5000,-0.04517404300692175,300,-0.047069926561959186,51,-0.04389143378382043,33,-0.04702110143703946,33,-0.04389151070593484,32,-0.04702110143703946,33,-0.042131004451519946,45,-0.04305043009589451,27,-0.042132489707947966,45,-0.04305043009589451,27
munin.bif,5000,-0.023973370535633108,240,-0.023422270032532676,99,-0.028375180471449785,24,-0.029827653239345317,36,-0.02837565232300955,24,-0.029827653239345317,36,-0.023177967218930097,35,-0.02356004870650431,24,-0.023169380475123045,35,-0.02356004870650431,24
munin.bif,5000,-0.015898936016276097,100,-0.01506911442203056,26,-0.012471530306727116,11,-0.01745342304086779,12,-0.012181721277277041,12,-0.01621530604193895,11,-0.01937427906896614,10,-0.013369492850026853,6,-0.015141511130300725,11,-0.013369492850026853,6
munin.bif,5000,-0.055524745675773785,80,-0.05581822769427228,14,-0.05594404337697425,10,-0.05710860342946983,9,-0.05550110143708273,11,-0.0582396182288614,9,-0.05734511451971574,12,-0.056321735978935694,8,-0.05619289130307886,13,-0.056321735978935694,8
munin.bif,5000,-0.012612209986365258,500,-0.020276288756809258,45,-0.00883924042445538,16,-0.0156254299962048,25,-0.008680938267783852,19,-0.013626622273873366,30,-0.010855531825128379,24,-0.01394707762436255,20,-0.010818438274943838,27,-0.011750368924349016,30
munin.bif,5000,-0.0019922757120021677,180,-0.005279062319106315,55,-0.0031299240870870946,13,-0.007314186861138973,45,-0.002728584122780978,22,-0.00484217041399466,30,-0.003018479238995323,39,-0.008851008620303228,30,-0.0032418040627737823,33,-0.005864269282015711,30
munin.bif,5000,-0.1714714437610962,294,-0.17726675816540766,42,-0.1786109290306879,24,-0.1785316453479948,42,-0.17861056056307806,24,-0.1785316453479948,42,-0.1748190785959164,55,-0.17538092471028568,42,-0.17481629898518117,55,-0.17538092471028568,42
munin.bif,5000,-0.017456130509210216,100,-0.02191581481027712,36,-0.01927862409763344,22,-0.020038846267643153,36,-0.01861558255343506,34,-0.02032301138518226,28,-0.017671427183048684,24,-0.02231707452165834,20,-0.017478691450228845,30,-0.02231707452165834,20
munin.bif,5000,-0.014640392393955625,100,-0.018314127123134762,52,-0.02589333567286534,19,-0.02469985394547146,40,-0.019313436164986507,29,-0.02713244325794855,32,-0.014996296951257378,15,-0.01686826734475618,16,-0.014967369837882733,15,-0.01686826734475618,16
munin.bif,5000,-0.14896874641370925,150,-0.1501097276370272,30,-0.15074379898965365,22,-0.15402801652088569,35,-0.15074456644673104,22,-0.15402801652088569,35,-0.14935943548849648,41,-0.14958003260739666,30,-0.1493557539947698,42,-0.14958003260739666,30
munin.bif,5000,-0.27281673908799714,336,-0.279729973649126,192,-0.31738598048008393,70,-0.30286206090591894,104,-0.2903703924454678,127,-0.2929476912422458,112,-0.27187467771571594,165,-0.2864918107793922,104,-0.27161771459677253,188,-0.2864918107793922,104
munin.bif,5000,-0.08720450279717605,192,-0.08833311886019495,144,-0.0978996044917835,38,-0.11204765994883877,88,-0.09396046929580602,59,-0.10497244809978643,80,-0.08929821232779217,81,-0.10016338720529437,48,-0.08956080786207056,82,-0.10016338720529437,48
munin.bif,5000,-0.05926687351965952,216,-0.07274392647404013,72,-0.061126452927284934,31,-0.07346144169971061,72,-0.060613537310625416,62,-0.0653490834320481,80,-0.0598302762475799,75,-0.07284343277830889,56,-0.059907933840931606,84,-0.07284343277830889,56
munin.bif,5000,-0.024956397254495014,200,-0.01669552118742778,18,-0.01820358169170514,13,-0.01773697709002474,16,-0.018502545222727713,13,-0.01773697709002474,16,-0.019019944027397217,9,-0.019143507234501835,8,-0.019140098609532846,10,-0.01908372284914858,6
munin.bif,5000,-0.06928166429499798,160,-0.07099083296570788,22,-0.073092060662338,13,-0.07295623872078943,14,-0.07309224944789879,13,-0.07295623872078943,14,-0.07212626199999984,12,-0.07361086819128937,10,-0.07212614291150635,12,-0.07361086819128937,10
munin.bif,5000,-0.0180682051611364,300,-0.018710590742221585,36,-0.018225569661582713,22,-0.017393754149740443,24,-0.01822675257476279,22,-0.017393754149740443,24,-0.016252103641254696,28,-0.017430829750523354,21,-0.01624924552034996,28,-0.017430829750523354,21
munin.bif,5000,-0.009165529024315259,240,-0.013405760180997404,54,-0.013011735886691033,15,-0.013051827227131019,33,-0.013008067755585875,15,-0.013051827227131019,33,-0.008898672674553649,18,-0.012417943141466473,15,-0.008896345648857249,18,-0.012417943141466473,15
munin.bif,5000,-0.019472196356643347,80,-0.020398996408696617,64,-0.02311613062715618,18,-0.021861985516211543,32,-0.022285227835647823,22,-0.023354933042561834,28,-0.020813647919989735,25,-0.024640291173942324,24,-0.020638764259476,31,-0.024640291173942324,24
munin.bif,5000,-0.01859211767366578,100,-0.029831241181508254,20,-0.02149887814736857,20,-0.024051427297272686,28,-0.021498880091985778,20,-0.024051427297272686,28,-0.019435484914029594,30,-0.021374712861738157,28,-0.019434535299089794,30,-0.021374712861738157,28
munin.bif,5000,-0.0278965060730434,100,-0.029607502541473582,52,-0.029416328394051196,22,-0.034905046987825664,48,-0.02877070961710657,36,-0.036524993059160536,36,-0.029328956521117788,42,-0.03183904557665234,24,-0.026596417957930465,40,-0.03267767226606958,20
munin.bif,5000,-0.024404739321137667,100,-0.02436872923564668,68,-0.028640350981822205,14,-0.026919876000746128,32,-0.028275430802148355,16,-0.033746018410880756,28,-0.02618155776356297,22,-0.03009201390982123,20,-0.026247784685683256,21,-0.03009201390982123,20
munin.bif,5000,-0.1355172628510873,100,-0.14366221437879295,70,-0.13650241885776374,26,-0.14761799107566767,50,-0.13619839207348125,40,-0.14368851283911133,55,-0.13583040351534897,62,-0.14074260378569856,40,-0.13573467996988875,68,-0.14074260378569856,40
munin.bif,5000,-0.39517033951347563,160,-0.3950332512420647,136,-0.39405477624160046,34,-0.4015538005763222,96,-0.3938475318288265,50,-0.40298176842774874,72,-0.39430814312570095,70,-0.3988529327979121,48,-0.3947629598759036,89,-0.3988529327979121,48
munin.bif,5000,-0.01489466972375802,75,-0.016151321934431157,63,-0.017461732310689156,23,-0.01882912737657477,42,-0.01694933706072071,38,-0.018279502955963308,39,-0.015441164620693308,30,-0.018440818584466112,27,-0.01459039582607093,31,-0.018440818584466112,27
munin.bif,5000,-0.07580650631382356,100,-0.08097789040064556,52,-0.07853091057099137,27,-0.07974212619631661,40,-0.07785086236298296,36,-0.0807073715067191,36,-0.07689714096847014,50,-0.08601714679573073,24,-0.0764935247934533,54,-0.08456796352961182,28
munin.bif,5000,-0.01822864591228931,80,-0.019463087543354945,64,-0.02222965016508721,20,-0.020423002485670923,32,-0.020896259268663047,21,-0.022209232044596558,28,-0.01979362426257908,22,-0.022487380501330603,24,-0.019484400666450546,23,-0.022487380501330603,24
munin.bif,5000,-0.03482745884081235,100,-0.031436224581644974,68,-0.03633741070271968,22,-0.04678895694088131,64,-0.033954487540798634,45,-0.05093127648737841,40,-0.030902951673690494,32,-0.03304093873307477,28,-0.030684743104493727,36,-0.033627063500221134,24
munin.bif,5000,-0.053282255494696486,160,-0.053419453835563624,136,-0.05654541024050456,35,-0.06691584014541298,88,-0.05607794406936755,46,-0.06966685793919576,72,-0.05299735367089986,50,-0.06258176774348426,48,-0.05321277646890669,54,-0.06258176774348426,48
munin.bif,5000,-0.0687848696161988,100,-0.06877145004538149,84,-0.0691022987452409,20,-0.0711523425955224,44,-0.06910216540240223,20,-0.0711523425955224,44,-0.0679503479175909,46,-0.07362538295103152,32,-0.06795034623931011,46,-0.07362538295103152,32
munin.bif,5000,-0.007426665871693645,100,-0.008296372048612336,36,-0.011662621195452806,13,-0.010419780564423324,28,-0.009983418530093059,17,-0.011668411893633398,24,-0.010171252080735427,16,-0.01056223624734234,20,-0.01009927200225527,22,-0.01056223624734234,20
munin.bif,5000,-0.03653349952166325,100,-0.037929484685943586,68,-0.0387505930307302,23,-0.04069583447113111,60,-0.03736200059782086,35,-0.040047013048194566,64,-0.03524664460133356,46,-0.040314309506819045,28,-0.03535901771388208,38,-0.040314309506819045,28
munin.bif,5000,-0.16504989029267245,100,-0.1651349906188659,85,-0.16536374367802936,27,-0.16966813658868343,65,-0.1653320138144686,42,-0.1705891946312333,70,-0.1646420969269976,62,-0.16784725780428933,40,-0.16485062518315752,62,-0.16610900107547855,40
munin.bif,5000,-0.017110253397709378,75,-0.017097784464252877,63,-0.021767091991837573,23,-0.021394597506951003,39,-0.02152653430000276,23,-0.021394597506951003,39,-0.01698327098394971,26,-0.019216580624508754,24,-0.016982588694509474,26,-0.019216580624508754,24
munin.bif,5000,-0.058736460032686684,160,-0.05887365837355362,136,-0.05783065152479498,28,-0.07104320433080366,88,-0.05838244806534353,36,-0.06654444865291868,72,-0.05655833907054569,70,-0.06620406333984652,48,-0.05703143979268896,78,-0.06505271546567523,56
munin.bif,5000,-0.11232484280977041,360,-0.11319484635606486,168,-0.12223332616713976,58,-0.14268025286711472,128,-0.11459538678819113,81,-0.13536470591064775,112,-0.11284982024802137,113,-0.12485616072846581,72,-0.11276136271458659,122,-0.12429453430837523,80
munin.bif,5000,-0.07411589228986194,100,-0.07503052955015033,68,-0.0774376233061471,25,-0.07816862354836496,44,-0.07628857979044783,35,-0.08263918306008518,36,-0.07406547084113836,39,-0.0782927433473212,32,-0.07362656778416574,46,-0.0782927433473212,32
munin.bif,5000,-0.016520353973077554,80,-0.01652035397307755,80,-0.020293327039449333,23,-0.017617255793367693,36,-0.01887353079882219,24,-0.021510401500641537,28,-0.016621682704635637,26,-0.021408722758078615,24,-0.016329249242740828,24,-0.021408722758078615,24
munin.bif,5000,-0.01849925443358495,100,-0.017296773023713415,68,-0.027631979788413127,25,-0.0298328366648721,60,-0.024303363753005156,43,-0.030797064742452966,40,-0.017628994156985708,28,-0.021178759355330336,20,-0.0163036107816128,30,-0.020479221267956076,20
munin.bif,5000,-0.10293849670208094,216,-0.10397954215859667,162,-0.10532692604962897,41,-0.12324695238634206,108,-0.10620213456858951,75,-0.1094883165379767,90,-0.10455073587920133,79,-0.10568611397737336,63,-0.10344201798037493,110,-0.10923963391715753,63
munin.bif,5000,-0.1348856591100118,540,-0.15139764852827933,180,-0.15545161769073657,38,-0.16874277810398128,117,-0.1423763164241917,52,-0.17234087923184258,99,-0.1392544064862951,123,-0.16139353631939796,72,-0.13876770171979283,120,-0.16139353631939796,72
munin.bif,5000,-0.05570034809926312,80,-0.05554674650723357,18,-0.05524614032940075,10,-0.0562641310653456,9,-0.05499651181648336,15,-0.056732037950166625,10,-0.0566892283518268,12,-0.05584985839069425,7,-0.05561294616500689,16,-0.0563416447852925,10
munin.bif,5000,-0.0498274643254276,100,-0.04940684597162471,16,-0.048117521596338725,10,-0.05010510486613218,10,-0.04775719305638048,13,-0.051185673650427393,11,-0.05297329666906665,11,-0.04933441171084285,8,-0.04933652342201239,17,-0.05091166674026699,8
munin.bif,5000,-0.042719372862120415,500,-0.04814367247839511,75,-0.03644931529766485,27,-0.044248970096887295,45,-0.03616824652764792,36,-0.0416446282547366,50,-0.03990187400982803,43,-0.04247218462130512,45,-0.03896961082126743,52,-0.042282292376471485,45
munin.bif,5000,-0.049847975217488724,400,-0.05176266956822719,50,-0.04663053548154651,21,-0.0513569699474473,40,-0.04663105550401403,21,-0.0513569699474473,40,-0.046303588508945635,41,-0.04972849182433064,30,-0.04630406585768049,41,-0.04972849182433064,30
munin.bif,5000,-0.01927653240930479,180,-0.02080532539624474,80,-0.018253064595441775,16,-0.026560538866822695,45,-0.021135056429308484,37,-0.02178146465691168,35,-0.018641891166020698,40,-0.02161903783680078,30,-0.01831165770270881,42,-0.020842580630871837,30
