,loglr4,sizelr4
water.bif,500,-0.2538621436674258,38,-0.24776133363642253,32,-0.2449776540520776,29,-0.2535267408312219,25,-0.2755579537288285,14,-0.2917771227994395,10,-0.30372128411851396,4
water.bif,500,-0.3584869264776774,44,-0.32826345530544393,36,-0.31002988568519163,32,-0.27270124999050993,25,-0.2810014016946352,17,-0.2938265699950349,10,-0.3160928007660653,6
water.bif,500,-0.2845283376785071,38,-0.26596264863098257,30,-0.2563054776555913,29,-0.24519867513865565,27,-0.25384568808764274,25,-0.27151877294248833,13,-0.29257988886355063,7
water.bif,500,-0.26985247072959667,44,-0.26107815609786744,36,-0.25424213760978354,34,-0.23909655057451015,24,-0.24545029502523794,22,-0.2760658138167137,15,-0.3076221298267622,10
water.bif,500,-0.27617950072509684,39,-0.27037565215541176,34,-0.2663900164165113,31,-0.26968682970205005,25,-0.27328505475169057,17,-0.284565809905897,11,-0.29933137562346074,6
water.bif,500,-0.2862699226197304,40,-0.2680958067113617,30,-0.2584558623183632,25,-0.24744514768066497,22,-0.2535778956593243,18,-0.2765992489003597,13,-0.3159658587406816,6
water.bif,500,-0.3170218098094347,37,-0.3013683095912594,34,-0.28574943502170624,31,-0.2550035356180326,25,-0.2674023393026818,17,-0.28939648857476785,8,-0.2956927961679327,6
water.bif,500,-0.29206369523871967,39,-0.2725204362100002,34,-0.26380592724024127,30,-0.2551539544739914,24,-0.2656196274216355,17,-0.2919412932750625,10,-0.3209011256482654,6
water.bif,500,-0.26306142695251195,38,-0.2597247176271302,35,-0.2573045038542308,32,-0.2559237370002238,25,-0.26304400481686774,23,-0.2800519453962727,13,-0.2979190748353676,7
water.bif,500,-0.2589715218803824,43,-0.24903425187656295,39,-0.24129822063324638,34,-0.2385552326454508,22,-0.24985457384346263,20,-0.27319396475771096,15,-0.31196740798483075,9
water.bif,500,-0.0940896961388575,24,-0.09157599752235052,17,-0.09013799163442222,14,-0.08872148566160454,8,-0.09132276455694194,4,-0.09404649086316304,3,-0.09998387526979499,2
water.bif,500,-0.30426920359394866,39,-0.28036718933511495,34,-0.2679209039732916,31,-0.2568392637289936,25,-0.2701738933419394,15,-0.28478991159732897,10,-0.29428255859262176,5
water.bif,500,-0.3174197099964724,43,-0.2956328103587217,32,-0.2877598140940409,30,-0.2791254986998808,25,-0.28385380653251846,22,-0.30997412485214604,11,-0.3218849242281327,6
water.bif,500,-0.2562253684480063,39,-0.2506177185345999,37,-0.2489274225855672,33,-0.2580359657964791,17,-0.2664190969008521,11,-0.27797652587575955,8,-0.2945525437730184,6
water.bif,500,-0.2667948177271865,44,-0.252454895576393,34,-0.2506337628517146,31,-0.24983046410443943,29,-0.2605338270376647,21,-0.27492879213230514,14,-0.3075512724367834,7
water.bif,500,-0.2640843685674138,38,-0.2590170417073023,33,-0.2539735846755255,30,-0.2548557630930983,24,-0.26994715018968113,17,-0.2859460256004015,13,-0.3056748624841465,6
water.bif,500,-0.2573879424304377,41,-0.24749798488123798,36,-0.24260642215319486,33,-0.24515940933880193,26,-0.25711627398737497,18,-0.2799567840329841,13,-0.31660118440222135,5
