alarm.bif,0.0,0.0,0.0
barley.bif,0.37142857142857144,0.20357142857142857,0.14285714285714285
diabetes.bif,0.2091286307053942,0.1975103734439834,0.1954356846473029
hailfinder.bif,0.0,0.0,0.0
hepar2.bif,0.0,0.0,0.0
insurance.bif,0.14705882352941177,0.025,0.0
link.bif,0.0,0.0,0.0
mildew.bif,0.4764705882352941,0.47058823529411764,0.4411764705882353
pathfinder.bif,0.1651031894934334,0.03663003663003663,0.030685920577617327
water.bif,0.7974683544303798,0.75,0.75
win95pts.bif,0.0,0.0,0.0
munin.bif,0.48450830713964976,0.2004366812227074,0.18951965065502183
