-0.868751886174932,72,-0.8938109044675495,33
-0.37408813468633867,72,-0.3933168771652303,30
-0.8749610464782378,72,-0.9006782019564538,33
-0.3699093701842306,72,-0.3810763754625131,33
-0.8607509634829348,72,-0.8708142336003404,42
-0.37211946151667613,72,-0.38547589962895246,39
-0.8562486969724221,72,-0.8649414499919778,48
-0.36278944990624823,72,-0.3675088266869949,45
-0.8546123724159749,72,-0.8619220575285299,51
-0.3619927662115475,72,-0.3641726183519102,54
-0.8545852203502674,72,-0.8598931592977771,54
-0.3607550953006462,72,-0.36243136707945933,51
-0.8548095053119127,72,-0.8587938995481942,57
-0.3598513627760492,72,-0.361997567589869,51
-3.423027941873528,450,-2.409740400723088,10
-1.856996714455791,315,-1.781867911202877,35
-0.8280549744984963,4224,-1.5224873714021476,64
-0.03921536981779974,330,-0.06857783198965162,305
-1.3461657352679601,175,-1.3548397925274707,25
-0.6108492720357455,810,-1.2688426488487283,162
-0.03809084166149287,540,-0.9912140436809723,60
-0.17826805618828356,729,-1.1696936993444293,81
-0.07436942488993846,420,-0.4979223618886257,96
-3.4310435693074366,26460,-1.7517437320410199,42
-2.6996526987223475,2880,-1.5468840528325163,36
-3.259605755232646,3840,-1.8135868440904033,64
-0.8919243229993961,1764,-0.58716643283868,156
-3.9857790838623375,15120,-2.0118036528492174,7
-0.15464306866645303,576,-0.5133472731236961,256
-0.2698632827072746,1323,-0.21452228353302108,81
-1.2590116979097983,180,-1.138805300334022,30
-0.8443742153097427,135,-0.9174396763401117,45
-2.89031180595337,450,-2.408468428829494,10
-1.5945487208403655,315,-1.6897020132339828,91
-0.42726730390857154,4224,-1.344071328468558,144
-0.9610252482749083,225,-0.9459913257480477,45
-0.022517423336247663,330,-0.06297851353565725,305
-1.2274065834177683,175,-1.3056656532153108,85
-0.5667584685502722,810,-0.8395551312223696,405
-0.01843547133416967,540,-0.43291507549377983,252
-0.1280080372362919,729,-0.9979807879795836,153
-0.03207462667782042,420,-0.48652015516310576,96
-3.8166678301735475,26460,-1.7596600255028458,42
-2.375123175990647,2880,-1.5243041558705197,36
-2.956052086906576,3840,-1.7789374652243846,64
-0.7102687464951205,1764,-0.48667475427892376,180
-3.9522763937188006,15120,-1.9546290024301176,56
-0.13790490577238257,576,-0.3376576815295056,320
-0.11429501224730464,1323,-0.16967684799494165,99
-1.1384300258706106,180,-1.119405967499194,30
-0.8340151272983956,135,-0.8746574703934757,75
-2.6178706690164364,450,-2.400587255657787,10
-1.4948158926759052,315,-1.5991572225527204,147
-0.2567123204217479,4224,-1.2387515441301127,224
-0.012575230672861853,330,-0.00969573249746803,330
-1.165034120373592,175,-1.2029865812289016,145
-0.7394096455175805,1890,-0.780922913650458,180
-0.5390315842512345,810,-0.665052238968878,567
-0.012063278194982865,540,-0.1278186244990492,396
-0.11446166405135594,729,-0.3350483160250445,513
-0.02658846535481768,420,-0.1652691704845967,258
-3.7356570769273114,26460,-1.7342802454522745,42
-2.045974214306312,2880,-1.5260404544319173,36
-2.453351961815441,3840,-1.7565883495939463,64
-0.5668204711358005,1764,-0.4626430789000587,180
-3.6909501280619654,15120,-1.9120524982065474,91
-0.11961534442269092,576,-0.24222798576568053,384
-0.051785321983174745,1323,-0.093444586092539,135
-1.0941437452962608,180,-1.1118758448158679,30
-2.4638586695055857,450,-2.3987007454477633,10
-1.4732618562943858,315,-1.5132913843915416,259
-0.2016777998327379,4224,-1.03018944141226,424
-0.008603196724454228,330,-0.007844829129209634,330
-0.019017056732928486,630,-0.059742859545324406,189
-1.1539155302328457,175,-1.156599166220077,175
-0.6275969513686211,1890,-0.7390120238253031,180
-0.504100304946315,810,-0.5056256974785365,810
-0.008789843695671814,540,-0.07469698402018768,444
-0.10620546164624468,729,-0.10507844728435232,729
-0.022598921385321925,420,-0.020625702709352656,366
-3.4582537334460075,26460,-1.7309345402339509,42
-1.8114505142296937,2880,-1.5194678137370905,36
-2.1191358316485056,3840,-1.6963476228224914,208
-0.47948451704625594,1764,-0.4442732661194416,188
