net, size,logtable1,sizetable1,logtree1,sizetree1,logtable2,sizetable2,logtree2,sizetree2,logtable5,sizetable5,logtree5,sizetree5,logtable10,sizetable10,logtree10,sizetree10,logtable15,sizetable15,logtree15,sizetree15
alarm.bif,500,-0.8880498464644911,72,-0.8875825082095745,36,-0.8804475628849205,72,-0.8817352615991398,36,-0.8715221839002446,72,-0.8756621408968739,36,-0.8664363423970376,72,-0.873422093940197,36,-0.864578884750525,72,-0.8735999212082964,36
alarm.bif,500,-0.30585155721515733,72,-0.3416631959369364,24,-0.3050815726105747,72,-0.34096516682328215,24,-0.3050273681541648,72,-0.32691205409982405,30,-0.3064050176096458,72,-0.324631273690258,33,-0.3081553254836101,72,-0.32734364315933334,33
alarm.bif,500,-0.8542043499169624,72,-0.8902927062277541,24,-0.8519259548339402,72,-0.8704790678120354,30,-0.8496918048491829,72,-0.8679413401004951,30,-0.8491580713166355,72,-0.8550778440244049,33,-0.8496273412688291,72,-0.855210879877629,36
alarm.bif,500,-0.35284991886793954,72,-0.4082394630145771,24,-0.34515195351449585,72,-0.3670728182393719,30,-0.3359560651105549,72,-0.3564767472547277,30,-0.3304656613350034,72,-0.3508287126303558,30,-0.32825013780768386,72,-0.34453224384892006,33
alarm.bif,500,-0.8987342392161609,72,-0.8925415170293102,30,-0.8890984751224139,72,-0.8853495891418063,30,-0.8775642369570014,72,-0.8663870979060846,33,-0.8706338077360333,72,-0.877163309081956,36,-0.8677905587597227,72,-0.8755344676815784,36
alarm.bif,500,-0.3569364433405114,72,-0.3447228040295953,30,-0.3487005053324668,72,-0.3420824894852753,30,-0.33903910292121886,72,-0.34064081497931703,30,-0.3335610152375726,72,-0.3420798417754046,30,-0.33159358952611195,72,-0.34431230570725596,30
alarm.bif,500,-0.8645300477742929,72,-0.8808855071859579,27,-0.859136456821889,72,-0.8786121536308625,27,-0.8532964174691927,72,-0.8773100184742705,27,-0.8507191451191704,72,-0.8603263694238277,33,-0.8503915236656745,72,-0.8619324152245533,33
alarm.bif,500,-0.327279367139048,72,-0.35621168109767526,24,-0.3239359406345998,72,-0.3367022740440025,30,-0.3207588273893274,72,-0.33724914418422547,30,-0.3201236485615127,72,-0.3398091892587155,30,-0.320881816368998,72,-0.3342732502600593,33
alarm.bif,500,-0.877247707633879,72,-0.873618627592224,36,-0.870882157611903,72,-0.8681233058412082,36,-0.8633690855488101,72,-0.8629073241357016,36,-0.8590487438634138,72,-0.8655227424624568,39,-0.8574607302554493,72,-0.8648102525753142,39
