net, size,logtable1,sizetable1,logtree1,sizetree1,logtable2,sizetable2,logtree2,sizetree2,logtable5,sizetable5,logtree5,sizetree5,logtable10,sizetable10,logtree10,sizetree10,logtable15,sizetable15,logtree15,sizetree15
water.bif,500,-0.34474039558892744,2304,-0.272060935763216,12,-0.3357993284529631,2304,-0.2726839650082283,12,-0.3240968584955928,2304,-0.2745073209732947,12,-0.31543403547282767,2304,-0.26436056076877856,18,-0.31051013901794416,2304,-0.2669457522817745,18
water.bif,500,-0.4649668360644397,2304,-0.265142217708202,12,-0.4456466212531282,2304,-0.2652266697547866,12,-0.42025388517300144,2304,-0.2662804468209648,12,-0.40128373008287593,2304,-0.26841775839575294,12,-0.3903673826050661,2304,-0.26265808202803903,18
water.bif,500,-0.33027418792744606,2304,-0.2682967587175041,12,-0.32271758379138854,2304,-0.2695618057750402,18,-0.3128422162948406,2304,-0.2672056812293217,18,-0.3055566059058332,2304,-0.2673026418599475,18,-0.3014346197904506,2304,-0.26867847564203273,18
water.bif,500,-0.37237241370291724,2304,-0.2627198672360958,12,-0.3606858329126952,2304,-0.2629166245743535,12,-0.3453992361574276,2304,-0.24744494597107944,21,-0.33409825868493614,2304,-0.24962504028436183,21,-0.3276861613137849,2304,-0.2520928507965528,21
water.bif,500,-0.34231510001403315,2304,-0.2689927077612783,12,-0.33475634722570063,2304,-0.26999481004483844,12,-0.3248745473562069,2304,-0.2726910222392574,12,-0.3175782614181661,2304,-0.27647651820022645,12,-0.3134456557231194,2304,-0.286443132111482,21
water.bif,500,-0.3974272701413815,2304,-0.27398495834165787,12,-0.3822694064699447,2304,-0.27139754540559424,12,-0.3623847243950075,2304,-0.2693217472030003,12,-0.3475903230641556,2304,-0.2697069185112587,12,-0.339123252535754,2304,-0.2712392593918193,12
water.bif,500,-0.42466306410597354,2304,-0.270865991275628,12,-0.40879639294811226,2304,-0.2715097361510616,12,-0.3879485331721122,2304,-0.26497118672952785,18,-0.3723831509663326,2304,-0.26750284667075147,18,-0.36343316730141506,2304,-0.27009502230952376,18
water.bif,500,-0.3570437022749926,2304,-0.2621829777533289,12,-0.348142149002194,2304,-0.2624543041579432,12,-0.3365578639921148,2304,-0.26419875724523884,12,-0.32809083614445317,2304,-0.26743893179279665,12,-0.32336127635274414,2304,-0.27617669587546495,30
water.bif,500,-0.3596822419497301,2304,-0.2687916520697362,12,-0.34935104536572065,2304,-0.26958779111122055,12,-0.3358045524918642,2304,-0.2718420745633671,12,-0.32573657680803514,2304,-0.2752495502779697,12,-0.3199831519299604,2304,-0.2770207499339189,21
water.bif,500,-0.36312510894517397,2304,-0.26192880109502475,12,-0.3507472485026301,2304,-0.26236037159841985,12,-0.3345499423305903,2304,-0.2636936456764537,12,-0.32256504995887625,2304,-0.26014562282731724,18,-0.3157566341263261,2304,-0.2616803725099239,18
water.bif,500,-0.0995104393941994,192,-0.09340468034614048,12,-0.09760522219740003,192,-0.09320941317898004,12,-0.0953744888821564,192,-0.0937563060311935,12,-0.09414406282738969,192,-0.09541210095499308,12,-0.09375944544440695,192,-0.09726106169952699,12
water.bif,500,-0.33897179325536947,2304,-0.2695092628733558,12,-0.3293400161573307,2304,-0.2700035314253119,12,-0.3167285857281925,2304,-0.27145217192079973,12,-0.30738489383363654,2304,-0.273773335944262,12,-0.30206788565559595,2304,-0.27600481001279537,12
water.bif,500,-0.438983433874303,2304,-0.2625463084183652,12,-0.4217429260513986,2304,-0.26360917609177265,12,-0.39909983756021883,2304,-0.26627382695238455,12,-0.38221034734026527,2304,-0.2698707833241485,12,-0.3725115337470213,2304,-0.2735323133816994,21
water.bif,500,-0.359603258214993,2304,-0.26954761584558873,12,-0.3485832310124656,2304,-0.2699708691443954,12,-0.33413330911017497,2304,-0.27123854240623985,12,-0.32339333207397997,2304,-0.2733375107952177,12,-0.3172552302009768,2304,-0.27582341299606583,21
water.bif,500,-0.39061668495088914,2304,-0.2601653934888354,12,-0.3782289423684645,2304,-0.25981966081379476,12,-0.3620020317967638,2304,-0.26087578039489673,12,-0.34996793814924754,2304,-0.2518607820838031,21,-0.3431104940710313,2304,-0.25380506227321303,21
water.bif,500,-0.3118778920198763,2304,-0.2719719081560831,12,-0.3077834830298607,2304,-0.27291118385147156,12,-0.3024789201814202,2304,-0.2638716342105952,18,-0.29864120947304146,2304,-0.2672449087294968,18,-0.29652860508783424,2304,-0.2705345327399119,18
water.bif,500,-0.39897077809608683,2304,-0.26017967316896934,12,-0.3838259960662837,2304,-0.26025984541484865,12,-0.3639804935351956,2304,-0.26156290494024664,12,-0.3492511742683952,2304,-0.26432691294156246,12,-0.3408489157025829,2304,-0.2671715063931216,12
